2.9497	0.06083
2.949	0.080818
2.9482	0.1008
2.9472	0.12078
2.946	0.14074
2.9447	0.16069
2.9432	0.18063
2.9415	0.20056
2.9396	0.22047
2.9376	0.24037
2.9354	0.26025
2.933	0.28011
2.9304	0.29995
2.9277	0.31976
2.9248	0.33955
2.9217	0.35931
2.9184	0.37904
2.9149	0.39874
2.9113	0.4184
2.9075	0.43803
2.9035	0.45762
2.8993	0.47718
2.8949	0.49669
2.8903	0.51616
2.8855	0.53558
2.8805	0.55495
2.8753	0.57427
2.8699	0.59353
2.8643	0.61274
2.8585	0.63188
2.8525	0.65096
2.8463	0.66997
2.8399	0.68892
2.8333	0.70779
2.8265	0.72658
2.8194	0.74529
2.8121	0.76392
2.8046	0.78246
2.7969	0.80091
2.7889	0.81926
2.7807	0.8375
2.7723	0.85564
2.7636	0.87367
2.7547	0.89158
2.7456	0.90937
2.7362	0.92703
2.7266	0.94456
2.7167	0.96194
2.7066	0.97918
2.6962	0.99627
2.6856	1.0132
2.6747	1.03
2.6635	1.0466
2.6521	1.063
2.6404	1.0792
2.6284	1.0952
2.6162	1.111
2.6037	1.1266
2.5909	1.142
2.5778	1.1571
2.5645	1.172
2.5509	1.1867
2.537	1.2011
2.5229	1.2152
2.5085	1.2291
2.4938	1.2427
2.4788	1.256
2.4636	1.269
2.4481	1.2817
2.4324	1.2941
2.4164	1.3061
2.4002	1.3178
2.3837	1.3292
2.367	1.3402
2.3501	1.3509
2.333	1.3612
2.3157	1.3712
2.2982	1.3808
2.2805	1.39
2.2626	1.3989
2.2445	1.4074
2.2262	1.4155
2.2078	1.4233
2.1892	1.4307
2.1705	1.4377
2.1516	1.4444
2.1326	1.4507
2.1135	1.4566
2.0943	1.4622
2.075	1.4674
2.0556	1.4723
2.0361	1.4768
2.0165	1.481
1.9969	1.4848
1.9772	1.4883
1.9575	1.4915
1.9377	1.4943
1.9179	1.4968
1.898	1.499
1.8781	1.5009
1.8582	1.5025
1.8382	1.5038
1.8182	1.5048
1.7982	1.5055
1.7782	1.5059
1.7582	1.506
1.7382	1.5058
1.7182	1.5054
1.6982	1.5047
1.6782	1.5038
1.6582	1.5026
1.6383	1.5012
1.6184	1.4995
1.5985	1.4976
1.5786	1.4954
1.5587	1.493
1.5389	1.4904
1.5191	1.4876
1.4993	1.4846
1.4796	1.4814
1.4599	1.478
1.4402	1.4744
1.4206	1.4706
1.401	1.4666
1.3814	1.4624
1.3619	1.458
1.3424	1.4535
1.323	1.4488
1.3036	1.444
1.2842	1.439
1.2649	1.4339
1.2456	1.4286
1.2263	1.4232
1.2071	1.4177
1.1879	1.4121
1.1687	1.4063
1.1496	1.4004
1.1305	1.3945
1.1114	1.3885
1.0924	1.3824
1.0734	1.3762
1.0544	1.3699
1.0354	1.3636
1.0164	1.3572
0.99747	1.3508
0.97853	1.3444
0.95959	1.338
0.94065	1.3316
0.92171	1.3252
0.90277	1.3188
0.88382	1.3124
0.86486	1.306
0.84588	1.2997
0.82689	1.2934
0.80788	1.2872
0.78885	1.2811
0.76979	1.275
0.7507	1.269
0.73158	1.2631
0.71244	1.2573
0.69326	1.2516
0.67406	1.246
0.65482	1.2405
0.63555	1.2351
0.61626	1.2298
0.59694	1.2246
0.57759	1.2195
0.55822	1.2145
0.53883	1.2096
0.51942	1.2048
0.5	1.2
0.48058	1.1952
0.46115	1.1905
0.44171	1.1858
0.42226	1.1811
0.40282	1.1764
0.38338	1.1717
0.36395	1.167
0.34454	1.1622
0.32515	1.1573
0.30578	1.1523
0.28645	1.1472
0.26716	1.1419
0.24792	1.1364
0.22875	1.1307
0.20966	1.1247
0.19066	1.1184
0.17178	1.1118
0.15304	1.1048
0.13448	1.0974
0.11613	1.0895
0.098042	1.081
0.080284	1.0718
0.062939	1.0618
0.046119	1.051
0.029959	1.0392
0.014634	1.0264
0.000344	1.0124
-0.012694	0.99723
-0.024275	0.98092
-0.034252	0.96359
-0.042575	0.9454
-0.049304	0.92656
-0.054587	0.90727
-0.058622	0.88768
-0.061615	0.8679
-0.063763	0.84802
-0.065228	0.82807
-0.066151	0.80809
-0.06664	0.7881
-0.066783	0.7681
-0.066644	0.7481
-0.066284	0.7281
-0.06574	0.70811
-0.065046	0.68812
-0.06423	0.66814
-0.063315	0.64816
-0.062312	0.62818
-0.061236	0.60821
-0.060098	0.58824
-0.058906	0.56828
-0.057664	0.54832
-0.05638	0.52836
-0.055055	0.5084
-0.053697	0.48845
-0.052306	0.4685
-0.050884	0.44855
-0.049435	0.4286
-0.047958	0.40866
-0.046457	0.38872
-0.044928	0.36878
-0.043377	0.34884
-0.041804	0.3289
-0.040211	0.30896
-0.038595	0.28902
-0.036959	0.26909
-0.035302	0.24916
-0.033625	0.22923
-0.031928	0.2093
-0.030212	0.18937
-0.028478	0.16945
-0.026725	0.14953
-0.024955	0.12961
-0.023168	0.10969
-0.021366	0.08977
-0.019547	0.069852
-0.017713	0.049936
-0.015865	0.030021
-0.014002	0.010108
-0.012125	-0.009803
-0.010235	-0.029713
-0.0083313	-0.049623
-0.0064159	-0.069531
-0.0044896	-0.089438
-0.0025521	-0.10934
-0.0006053	-0.12924
0.0013516	-0.14914
0.0033173	-0.16904
0.0052912	-0.18894
0.0072725	-0.20884
0.0092602	-0.22874
0.011254	-0.24864
0.013253	-0.26854
0.015255	-0.28844
0.017261	-0.30834
0.01927	-0.32824
0.021282	-0.34814
0.023295	-0.36804
0.025307	-0.38794
0.027319	-0.40784
0.029328	-0.42774
0.031336	-0.44764
0.03334	-0.46754
0.035339	-0.48744
0.037332	-0.50734
0.03932	-0.52724
0.041299	-0.54714
0.043271	-0.56704
0.045235	-0.58694
0.047187	-0.60684
0.049128	-0.62674
0.051055	-0.64665
0.052968	-0.66656
0.054871	-0.68647
0.056757	-0.70638
0.058629	-0.72629
0.060481	-0.7462
0.062316	-0.76612
0.064133	-0.78604
0.065933	-0.80596
0.067711	-0.82588
0.069466	-0.8458
0.071201	-0.86572
0.07291	-0.88565
0.074598	-0.90558
0.076263	-0.92551
0.077902	-0.94544
0.079516	-0.96537
0.081104	-0.98531
0.082665	-1.0052
0.084198	-1.0251
0.0857	-1.045
0.087172	-1.0649
0.088609	-1.0848
0.090017	-1.1048
0.091398	-1.1248
0.092753	-1.1448
0.094079	-1.1648
0.095376	-1.1848
0.096634	-1.2048
0.097868	-1.2248
0.099066	-1.2448
0.10024	-1.2648
0.10138	-1.2848
0.10249	-1.3048
0.10356	-1.3248
0.1046	-1.3448
0.10561	-1.3648
0.1066	-1.3848
0.10755	-1.4048
0.10846	-1.4248
0.10936	-1.4448
0.11022	-1.4648
0.11106	-1.4848
0.11185	-1.5048
0.11262	-1.5248
0.11337	-1.5448
0.11409	-1.5648
0.11478	-1.5848
0.11545	-1.6048
0.11609	-1.6248
0.11669	-1.6448
0.11728	-1.6648
0.11785	-1.6848
0.11839	-1.7048
0.11891	-1.7248
0.1194	-1.7448
0.11988	-1.7648
0.12032	-1.7848
0.12074	-1.8048
0.12116	-1.8248
