0.88449	-4.9261
0.88056	-4.9099
0.87672	-4.8937
0.87296	-4.8775
0.86929	-4.8612
0.8657	-4.8449
0.86219	-4.8286
0.85876	-4.8123
0.85541	-4.796
0.85214	-4.7797
0.84895	-4.7633
0.84584	-4.7469
0.84281	-4.7305
0.83985	-4.7141
0.83697	-4.6977
0.83416	-4.6813
0.83142	-4.6649
0.82876	-4.6484
0.82617	-4.6319
0.82365	-4.6154
0.82119	-4.5989
0.81881	-4.5824
0.81649	-4.5659
0.81424	-4.5494
0.81205	-4.5329
0.80992	-4.5164
0.80786	-4.4999
0.80586	-4.4834
0.80392	-4.4668
0.80204	-4.4502
0.80022	-4.4336
0.79845	-4.417
0.79674	-4.4004
0.79509	-4.3838
0.7935	-4.3672
0.79196	-4.3506
0.79047	-4.334
0.78903	-4.3174
0.78764	-4.3008
0.7863	-4.2842
0.78501	-4.2676
0.78377	-4.251
0.78258	-4.2344
0.78143	-4.2178
0.78033	-4.2012
0.77927	-4.1846
0.77826	-4.168
0.77729	-4.1514
0.77635	-4.1348
0.77545	-4.1182
0.77459	-4.1016
0.77377	-4.085
0.77299	-4.0684
0.77225	-4.0518
0.77154	-4.0351
0.77086	-4.0184
0.77021	-4.0017
0.76959	-3.985
0.76901	-3.9683
0.76845	-3.9516
0.76793	-3.9349
0.76743	-3.9182
0.76695	-3.9015
0.76649	-3.8848
0.76606	-3.8681
0.76565	-3.8514
0.76526	-3.8347
0.76489	-3.818
0.76453	-3.8013
0.76419	-3.7846
0.76387	-3.7679
0.76356	-3.7512
0.76326	-3.7345
0.76298	-3.7178
0.76271	-3.7011
0.76244	-3.6844
0.76218	-3.6677
0.76192	-3.651
0.76167	-3.6343
0.76142	-3.6176
0.76117	-3.6009
0.76092	-3.5842
0.76067	-3.5675
0.76041	-3.5508
0.76014	-3.5341
0.75987	-3.5174
0.75958	-3.5007
0.75928	-3.484
0.75897	-3.4673
0.75864	-3.4506
0.75829	-3.4339
0.75793	-3.4172
0.75754	-3.4005
0.75712	-3.3838
0.75667	-3.3671
0.75619	-3.3504
0.75568	-3.3337
0.75514	-3.317
0.75455	-3.3003
0.75392	-3.2836
0.75324	-3.2669
0.75251	-3.2502
0.75173	-3.2336
0.75089	-3.217
0.74999	-3.2004
0.74902	-3.1838
0.74798	-3.1672
0.74686	-3.1506
0.74567	-3.134
0.74439	-3.1174
0.74302	-3.1008
0.74155	-3.0842
0.73998	-3.0676
0.73829	-3.051
0.73648	-3.0344
0.73454	-3.0178
0.73247	-3.0013
0.73026	-2.9848
0.72789	-2.9683
0.72535	-2.9518
0.72264	-2.9354
0.71974	-2.919
0.71665	-2.9026
0.71334	-2.8863
0.7098	-2.87
0.70602	-2.8538
0.70198	-2.8376
0.69768	-2.8215
0.69309	-2.8055
0.68819	-2.7896
0.68298	-2.7738
0.67743	-2.7581
0.67153	-2.7425
0.66527	-2.7271
0.65862	-2.7118
0.65158	-2.6967
0.64414	-2.6818
0.63629	-2.6671
0.62803	-2.6526
0.61936	-2.6384
0.61027	-2.6244
0.60078	-2.6107
0.5909	-2.5973
0.58064	-2.5842
0.57002	-2.5714
0.55906	-2.5588
0.54778	-2.5465
0.53621	-2.5345
0.52437	-2.5228
0.51229	-2.5113
0.5	-2.5
0.48771	-2.4887
0.47523	-2.4776
0.4626	-2.4667
0.44984	-2.456
0.43697	-2.4454
0.42402	-2.4349
0.41102	-2.4245
0.39799	-2.4141
0.38496	-2.4037
0.37196	-2.3933
0.35901	-2.3828
0.34615	-2.3722
0.3334	-2.3615
0.3208	-2.3506
0.30838	-2.3395
0.29617	-2.3282
0.28421	-2.3166
0.27255	-2.3047
0.26122	-2.2925
0.25026	-2.2799
0.23973	-2.267
0.22965	-2.2537
0.22007	-2.2401
0.21102	-2.2261
0.20252	-2.2118
0.19459	-2.1971
0.18724	-2.1821
0.18047	-2.1669
0.17427	-2.1514
0.16863	-2.1357
0.16352	-2.1198
0.15892	-2.1038
0.15478	-2.0877
0.15107	-2.0714
0.14776	-2.0551
0.14481	-2.0387
0.14219	-2.0222
0.13986	-2.0057
0.13779	-1.9892
0.13596	-1.9726
0.13434	-1.956
0.13289	-1.9394
0.1316	-1.9228
0.13045	-1.9062
0.12943	-1.8896
0.12851	-1.873
0.12768	-1.8564
0.12692	-1.8398
0.12623	-1.8231
0.1256	-1.8064
0.12502	-1.7897
0.12447	-1.773
0.12396	-1.7563
0.12347	-1.7396
0.12301	-1.7229
0.12256	-1.7062
0.12212	-1.6895
0.12169	-1.6728
0.12127	-1.6561
0.12085	-1.6394
0.12042	-1.6227
0.12	-1.606
0.11957	-1.5893
0.11913	-1.5726
0.11869	-1.5559
0.11823	-1.5392
0.11777	-1.5225
0.11728	-1.5058
0.11679	-1.4891
0.11628	-1.4724
0.11577	-1.4557
0.11523	-1.439
0.11468	-1.4223
0.11411	-1.4056
0.11352	-1.3889
0.11291	-1.3722
0.11228	-1.3555
0.11164	-1.3388
0.11097	-1.3221
0.11029	-1.3054
0.10958	-1.2887
0.10885	-1.272
0.1081	-1.2554
0.10734	-1.2388
0.10656	-1.2222
0.10575	-1.2056
0.10492	-1.189
0.10407	-1.1724
0.10319	-1.1558
0.10231	-1.1392
0.10139	-1.1226
0.10045	-1.106
0.099482	-1.0894
0.098497	-1.0728
0.097489	-1.0562
0.096461	-1.0396
0.095411	-1.023
0.094325	-1.0064
0.09323	-0.98977
0.092118	-0.97314
0.090967	-0.95651
0.089807	-0.93988
0.08861	-0.92326
0.087387	-0.90664
0.086165	-0.89002
0.084903	-0.8734
0.083619	-0.85678
0.082307	-0.84016
0.081	-0.82354
0.079657	-0.80693
0.078287	-0.79032
0.07692	-0.77371
0.075517	-0.7571
0.074093	-0.74049
0.072667	-0.72388
0.071206	-0.70728
0.069722	-0.69068
0.068243	-0.67408
0.066747	-0.65748
0.065214	-0.64088
0.063677	-0.62428
0.062134	-0.60769
0.060562	-0.5911
0.058991	-0.57451
0.057396	-0.55792
0.055787	-0.54133
0.05416	-0.52474
0.052548	-0.50815
0.050903	-0.49156
0.04927	-0.47497
0.047607	-0.45839
0.045945	-0.44181
0.044278	-0.42523
0.042582	-0.40865
0.04093	-0.39207
0.039196	-0.37549
0.037538	-0.35891
0.035801	-0.34233
0.034133	-0.32575
0.032385	-0.30918
0.030734	-0.2926
0.028966	-0.27603
0.027292	-0.25945
0.02553	-0.24288
0.023874	-0.2263
0.022107	-0.20973
0.020452	-0.19315
0.018655	-0.17658
0.017075	-0.15999
0.01516	-0.14343
