2.9697	-0.11281
2.9691	-0.1328
2.9684	-0.15279
2.9676	-0.17277
2.9667	-0.19275
2.9657	-0.21272
2.9646	-0.23269
2.9634	-0.25265
2.9621	-0.27261
2.9607	-0.29256
2.9592	-0.3125
2.9576	-0.33243
2.9559	-0.35235
2.9541	-0.37227
2.9522	-0.39218
2.9501	-0.41207
2.9479	-0.43195
2.9456	-0.45182
2.9432	-0.47168
2.9407	-0.49152
2.9381	-0.51135
2.9354	-0.53116
2.9326	-0.55096
2.9297	-0.57074
2.9266	-0.5905
2.9234	-0.61024
2.9201	-0.62996
2.9167	-0.64966
2.9131	-0.66934
2.9094	-0.689
2.9056	-0.70863
2.9017	-0.72824
2.8976	-0.74782
2.8934	-0.76737
2.8891	-0.78689
2.8846	-0.80638
2.88	-0.82584
2.8752	-0.84526
2.8703	-0.86464
2.8652	-0.88398
2.86	-0.90328
2.8546	-0.92254
2.849	-0.94175
2.8433	-0.96092
2.8374	-0.98004
2.8313	-0.9991
2.8251	-1.0181
2.8187	-1.037
2.8121	-1.0559
2.8053	-1.0747
2.7983	-1.0934
2.7911	-1.1121
2.7837	-1.1307
2.7761	-1.1492
2.7683	-1.1676
2.7603	-1.1859
2.7521	-1.2041
2.7437	-1.2222
2.735	-1.2402
2.7261	-1.2581
2.717	-1.2759
2.7076	-1.2936
2.6979	-1.3111
2.688	-1.3285
2.6778	-1.3457
2.6674	-1.3628
2.6567	-1.3797
2.6457	-1.3964
2.6344	-1.4129
2.6228	-1.4292
2.6109	-1.4453
2.5987	-1.4612
2.5863	-1.4769
2.5736	-1.4923
2.5605	-1.5075
2.5472	-1.5224
2.5336	-1.537
2.5196	-1.5513
2.5053	-1.5653
2.4908	-1.579
2.476	-1.5924
2.4609	-1.6055
2.4455	-1.6182
2.4298	-1.6306
2.4138	-1.6427
2.3976	-1.6544
2.3811	-1.6657
2.3644	-1.6767
2.3474	-1.6873
2.3302	-1.6975
2.3128	-1.7074
2.2952	-1.7169
2.2774	-1.726
2.2594	-1.7347
2.2412	-1.7431
2.2229	-1.7511
2.2044	-1.7587
2.1858	-1.766
2.167	-1.7729
2.1481	-1.7795
2.1291	-1.7858
2.11	-1.7917
2.0908	-1.7973
2.0715	-1.8026
2.0521	-1.8076
2.0327	-1.8123
2.0132	-1.8167
1.9936	-1.8208
1.974	-1.8246
1.9543	-1.8281
1.9346	-1.8314
1.9148	-1.8344
1.895	-1.8371
1.8752	-1.8396
1.8553	-1.8419
1.8354	-1.8439
1.8155	-1.8457
1.7956	-1.8473
1.7756	-1.8487
1.7556	-1.8499
1.7356	-1.8508
1.7156	-1.8515
1.6956	-1.8521
1.6756	-1.8525
1.6556	-1.8527
1.6356	-1.8527
1.6156	-1.8525
1.5956	-1.8522
1.5756	-1.8517
1.5556	-1.851
1.5356	-1.8502
1.5156	-1.8492
1.4956	-1.8481
1.4756	-1.8468
1.4556	-1.8454
1.4357	-1.8439
1.4158	-1.8422
1.3959	-1.8404
1.376	-1.8385
1.3561	-1.8365
1.3362	-1.8344
1.3163	-1.8321
1.2964	-1.8297
1.2766	-1.8272
1.2568	-1.8246
1.237	-1.822
1.2172	-1.8193
1.1974	-1.8165
1.1776	-1.8136
1.1578	-1.8106
1.138	-1.8076
1.1182	-1.8045
1.0985	-1.8013
1.0788	-1.7981
1.0591	-1.7949
1.0394	-1.7916
1.0197	-1.7883
0.99994	-1.785
0.98023	-1.7816
0.96052	-1.7782
0.94081	-1.7748
0.9211	-1.7714
0.90139	-1.768
0.88168	-1.7646
0.86197	-1.7612
0.84225	-1.7579
0.82253	-1.7546
0.8028	-1.7513
0.78307	-1.7481
0.76333	-1.7449
0.74358	-1.7417
0.72382	-1.7386
0.70406	-1.7355
0.68429	-1.7325
0.66451	-1.7295
0.64472	-1.7266
0.62492	-1.7237
0.60512	-1.7209
0.58531	-1.7182
0.56549	-1.7155
0.54567	-1.7128
0.52584	-1.7102
0.50601	-1.7076
0.48618	-1.705
0.46634	-1.7024
0.4465	-1.6998
0.42667	-1.6972
0.40684	-1.6946
0.38701	-1.692
0.36719	-1.6894
0.34737	-1.6867
0.32756	-1.6839
0.30776	-1.6811
0.28798	-1.6782
0.26822	-1.6751
0.24848	-1.6719
0.22876	-1.6685
0.20907	-1.665
0.18942	-1.6613
0.16982	-1.6573
0.15028	-1.653
0.13082	-1.6484
0.11145	-1.6434
0.092208	-1.638
0.073126	-1.632
0.054262	-1.6254
0.035697	-1.618
0.017551	-1.6096
0	-1.6
-0.017551	-1.5904
-0.03421	-1.5793
-0.049554	-1.5665
-0.063022	-1.5517
-0.074039	-1.535
-0.082313	-1.5168
-0.088051	-1.4976
-0.091783	-1.478
-0.094102	-1.4581
-0.09547	-1.4381
-0.096195	-1.4181
-0.096489	-1.3981
-0.096499	-1.3781
-0.096311	-1.3581
-0.095987	-1.3381
-0.095563	-1.3181
-0.09506	-1.2981
-0.0945	-1.2781
-0.093908	-1.2581
-0.093283	-1.2381
-0.092619	-1.2181
-0.09193	-1.1981
-0.091214	-1.1781
-0.090474	-1.1581
-0.089719	-1.1381
-0.088943	-1.1181
-0.088145	-1.0981
-0.087329	-1.0781
-0.086486	-1.0581
-0.085628	-1.0381
-0.084752	-1.0181
-0.083852	-0.99812
-0.082936	-0.97814
-0.081999	-0.95816
-0.081042	-0.93818
-0.080064	-0.9182
-0.079068	-0.89822
-0.07805	-0.87825
-0.077011	-0.85828
-0.07595	-0.83831
-0.074873	-0.81834
-0.073775	-0.79837
-0.072655	-0.7784
-0.071516	-0.75843
-0.070358	-0.73846
-0.069177	-0.7185
-0.067976	-0.69854
-0.06675	-0.67858
-0.065505	-0.65862
-0.06424	-0.63866
-0.062953	-0.6187
-0.061646	-0.59874
-0.060317	-0.57878
-0.058967	-0.55883
-0.057596	-0.53888
-0.056203	-0.51893
-0.054789	-0.49898
-0.053354	-0.47903
-0.051899	-0.45908
-0.050422	-0.43913
-0.048923	-0.41919
-0.047406	-0.39925
-0.045868	-0.37931
-0.04431	-0.35937
-0.042731	-0.33943
-0.041133	-0.3195
-0.039516	-0.29957
-0.037881	-0.27964
-0.036226	-0.25971
-0.034552	-0.23978
-0.032858	-0.21985
-0.031147	-0.19992
-0.029418	-0.18
-0.027671	-0.16008
-0.025909	-0.14016
-0.02413	-0.12024
-0.022334	-0.10032
-0.020523	-0.080402
-0.018695	-0.060486
-0.016853	-0.040571
-0.014996	-0.020658
-0.013126	-0.000746
-0.011242	0.019166
-0.0093451	0.039076
-0.0074358	0.058986
-0.0055151	0.078892
-0.0035829	0.098799
-0.0016406	0.1187
0.0003121	0.1386
0.0022736	0.1585
0.0042434	0.1784
0.0062206	0.1983
0.0082051	0.2182
0.010196	0.2381
0.012193	0.258
0.014194	0.2779
0.016199	0.2978
0.018207	0.3177
0.020217	0.3376
0.022229	0.3575
0.024241	0.3774
0.026253	0.3973
0.028264	0.4172
0.030274	0.4371
0.032281	0.457
0.034283	0.4769
0.03628	0.4968
0.038269	0.5167
0.040254	0.5366
0.042231	0.5565
0.0442	0.5764
0.046157	0.5963
0.048104	0.6162
0.050039	0.63611
0.051961	0.65602
0.053868	0.67593
0.055765	0.69584
0.057642	0.71575
0.059505	0.73566
0.061352	0.75557
0.06318	0.77549
0.064988	0.79541
0.066776	0.81533
0.068541	0.83525
0.070286	0.85517
0.072007	0.8751
0.073706	0.89503
0.075384	0.91496
0.077039	0.93489
0.078662	0.95482
0.08026	0.97476
0.081833	0.9947
0.083377	1.0146
0.084892	1.0345
0.086379	1.0544
0.087836	1.0743
0.089267	1.0942
0.090669	1.1142
0.092041	1.1342
0.093384	1.1542
0.094699	1.1742
0.095977	1.1942
0.097224	1.2142
0.098439	1.2342
0.099627	1.2542
0.10078	1.2742
0.1019	1.2942
0.10299	1.3142
0.10405	1.3342
0.10508	1.3542
0.10608	1.3742
0.10705	1.3942
0.10798	1.4142
0.10889	1.4342
0.10977	1.4542
0.11062	1.4742
0.11143	1.4942
0.11222	1.5142
0.11299	1.5342
0.11372	1.5542
0.11442	1.5742
0.1151	1.5942
0.11575	1.6142
0.11638	1.6342
0.11697	1.6542
0.11755	1.6742
0.1181	1.6942
0.11863	1.7142
0.11914	1.7342
0.11963	1.7542
0.12009	1.7742
0.12053	1.7942
0.12095	1.8142
0.12135	1.8342
0.12173	1.8542
0.12209	1.8742
0.12244	1.8942
0.12276	1.9142
0.12308	1.9342
0.12337	1.9542
0.12366	1.9742
0.12393	1.9942
0.12418	2.0142
0.12441	2.0342
0.12464	2.0542
0.12483	2.0742
0.12505	2.0942
0.12524	2.1142
0.12539	2.1342
0.12555	2.1542
0.12572	2.1742
0.12586	2.1942
0.12598	2.2142
0.12611	2.2342
0.12622	2.2542
0.12634	2.2742
0.12642	2.2942
0.12647	2.3142
0.12659	2.3342
0.12663	2.3542
0.12668	2.3742
0.12679	2.3942
0.12663	2.4142
0.12706	2.4342
0.12597	2.4542
0.13012	2.4738
0.11452	2.4863
0.13432	2.4891
