-0.25412	5.9194
-0.25306	5.8939
-0.25238	5.877
-0.24897	5.8146
-0.24604	5.7598
-0.24489	5.7385
-0.2436	5.714
-0.24081	5.6716
-0.2391	5.6452
-0.23673	5.6088
-0.23295	5.55
-0.23265	5.546
-0.2325	5.544
-0.22856	5.4912
-0.22634	5.4614
-0.22448	5.4363
-0.22085	5.387
-0.2204	5.3816
-0.2202	5.3792
-0.21632	5.3318
-0.21433	5.3074
-0.21224	5.2818
-0.20844	5.2351
-0.20816	5.2317
-0.20754	5.224
-0.20407	5.1842
-0.20267	5.1682
-0.19999	5.1373
-0.19694	5.1023
-0.19591	5.0903
-0.19336	5.061
-0.19183	5.044
-0.19125	5.0376
-0.18775	4.9986
-0.1856	4.9749
-0.18366	4.9532
-0.17996	4.9123
-0.17958	4.908
-0.17858	4.897
-0.1755	4.863
-0.17433	4.8502
-0.17142	4.8182
-0.1687	4.7885
-0.16734	4.7734
-0.16373	4.734
-0.16326	4.7287
-0.16308	4.7267
-0.15917	4.6832
-0.15741	4.6638
-0.15509	4.6379
-0.15177	4.6013
-0.15101	4.5929
-0.14902	4.571
-0.14693	4.547
-0.14609	4.5375
-0.14285	4.5004
-0.14037	4.4723
-0.13876	4.4539
-0.1347	4.408
-0.13468	4.4077
-0.13467	4.4076
-0.1306	4.359
-0.12887	4.3386
-0.12652	4.3106
-0.12309	4.2702
-0.12244	4.2625
-0.12087	4.244
-0.11836	4.2125
-0.11721	4.1982
-0.11427	4.1613
-0.11127	4.1242
-0.11019	4.1107
-0.10778	4.081
-0.10611	4.0588
-0.10528	4.0479
-0.10203	4.0048
-0.099196	3.9678
-0.09795	3.9513
-0.09538	3.918
-0.09386	3.8965
-0.093045	3.8853
-0.08978	3.8395
-0.086811	3.7986
-0.0857	3.7832
-0.083561	3.754
-0.08162	3.7252
-0.080485	3.7087
-0.07754	3.6653
-0.074069	3.6153
-0.07346	3.6065
-0.072376	3.591
-0.06937	3.5446
-0.067503	3.5164
-0.06529	3.4826
-0.061621	3.428
-0.06121	3.4214
-0.06094	3.4172
-0.05713	3.357
-0.054243	3.3127
-0.05305	3.2941
-0.051126	3.265
-0.04897	3.2303
-0.047554	3.2082
-0.04488	3.1659
-0.0409	3.105
-0.0408	3.1035
-0.040636	3.101
-0.03672	3.0392
-0.034226	3.0014
-0.03264	2.9768
-0.030022	2.938
-0.02856	2.9155
-0.027665	2.9023
-0.02447	2.8543
-0.0212	2.8074
-0.02039	2.7955
-0.018925	2.775
-0.01631	2.7376
-0.014895	2.7185
-0.01223	2.6814
-0.0087372	2.6355
-0.00815	2.6275
-0.0069339	2.612
-0.00407	2.5752
-0.0027556	2.5593
2.0000e-05	2.5247
0.0030799	2.489
0.0041	2.4767
0.0066477	2.448
0.00818	2.4308
0.0087611	2.4248
0.01226	2.387
0.014297	2.3666
0.01634	2.3454
0.019732	2.3128
0.02043	2.3058
0.022695	2.285
0.02451	2.2686
0.025028	2.2643
0.02859	2.2335
0.030195	2.2209
0.03267	2.2004
0.035275	2.1809
0.03675	2.1693
0.040271	2.1443
0.04083	2.1401
0.043529	2.122
0.04492	2.1129
0.045187	2.1114
0.049	2.0877
0.049992	2.0824
0.05308	2.0644
0.054732	2.056
0.05716	2.0427
0.059411	2.0321
0.06124	2.0227
0.064039	2.0104
0.06533	2.0043
0.068609	1.991
0.06941	1.9874
0.073124	1.9736
0.07349	1.9721
0.077353	1.959
0.07757	1.9583
0.077589	1.9582
0.08165	1.9462
0.081989	1.9454
0.08573	1.9354
0.08635	1.9342
0.08982	1.926
0.090679	1.9245
0.0939	1.9178
0.094962	1.9163
0.09798	1.911
0.099211	1.9095
0.10206	1.9053
0.10343	1.9041
0.10614	1.9009
0.10761	1.9
0.11022	1.8976
0.11177	1.897
0.11431	1.8954
0.1159	1.8953
0.11839	1.8944
0.11999	1.8946
0.12247	1.8944
0.12406	1.8951
0.12655	1.8955
0.1281	1.8965
0.13063	1.8977
0.13213	1.899
0.13472	1.9008
0.13613	1.9024
0.1388	1.905
0.1401	1.9067
0.14288	1.9101
0.14405	1.9119
0.14696	1.9162
0.14798	1.918
0.15104	1.9232
0.15189	1.9249
0.15512	1.9311
0.15578	1.9326
0.15921	1.94
0.15966	1.9411
0.16329	1.9497
0.16351	1.9503
0.16685	1.959
0.16734	1.9603
0.16737	1.9604
0.17114	1.9715
0.17145	1.9725
0.17492	1.9835
0.17553	1.9854
0.17869	1.9961
0.17962	1.9994
0.18244	2.0095
0.1837	2.0142
0.18616	2.0235
0.18778	2.0298
0.18988	2.0382
0.19186	2.0464
0.19357	2.0536
0.19594	2.0638
0.19725	2.0695
0.20002	2.082
0.20092	2.0861
0.20411	2.1012
0.20458	2.1034
0.20819	2.121
0.20821	2.1211
0.20839	2.122
0.21181	2.1403
0.21227	2.1428
0.2154	2.16
0.21635	2.1656
0.21897	2.1804
0.22043	2.1891
0.22253	2.2014
0.22452	2.2136
0.22607	2.2229
0.2286	2.2388
0.2296	2.245
0.23268	2.2648
0.23312	2.2675
0.23578	2.285
0.23662	2.2908
0.23676	2.2918
0.24008	2.3152
0.24084	2.3208
0.24354	2.3402
0.24492	2.3506
0.24699	2.3656
0.24901	2.3812
0.25042	2.3916
0.25309	2.4123
0.25384	2.418
0.25717	2.4441
0.25725	2.4448
0.25766	2.448
0.26064	2.4727
0.26125	2.478
0.26401	2.5011
0.26533	2.5128
0.26738	2.53
0.26942	2.5481
0.27073	2.5592
0.2735	2.5838
0.27408	2.5887
0.27669	2.612
0.27741	2.6187
0.27758	2.6204
0.28072	2.6495
0.28166	2.6587
0.28402	2.6806
0.28574	2.6974
0.28732	2.712
0.28982	2.7362
0.29061	2.7435
0.29388	2.775
0.2939	2.7752
0.29391	2.7753
0.29716	2.808
0.29799	2.8167
0.30042	2.8408
0.30207	2.858
0.30368	2.8737
0.30615	2.8991
0.30693	2.9067
0.31004	2.938
0.31019	2.9396
0.31023	2.94
0.31341	2.9742
0.31432	2.9843
0.31663	3.0086
0.3184	3.0278
0.31986	3.0428
0.32248	3.0707
0.32309	3.0768
0.32543	3.101
0.3263	3.1115
0.32656	3.1147
0.32946	3.1485
0.33064	3.1627
0.33263	3.1852
0.33472	3.2095
0.33581	3.2213
0.33881	3.2549
0.33901	3.257
0.33976	3.265
0.34205	3.2984
0.34289	3.3109
0.34506	3.3411
0.34697	3.3683
0.34809	3.3831
0.35105	3.4231
0.35114	3.4242
0.35144	3.428
0.35361	3.4887
0.35513	3.532
0.35602	3.5554
0.35735	3.591
0.35513	3.6802
0.35345	3.754
0.35105	3.7794
0.35016	3.7896
0.34697	3.8259
0.34439	3.8578
0.34289	3.876
0.3397	3.918
0.33881	3.9242
0.33862	3.9257
0.33472	3.9548
0.33357	3.9641
0.33064	3.9871
0.32844	4.0057
0.32656	4.0214
0.32323	4.0509
0.32248	4.0575
0.31996	4.081
0.3184	4.0908
0.31811	4.0928
0.31432	4.1176
0.3132	4.1255
0.31023	4.1458
0.30825	4.1602
0.30615	4.1752
0.30324	4.1971
0.30207	4.2058
0.29819	4.2361
0.29799	4.2376
0.2972	4.244
0.29391	4.2644
0.2933	4.2684
0.28982	4.2907
0.28842	4.3002
0.28574	4.3179
0.28352	4.3333
0.28166	4.3459
0.27858	4.3679
0.27758	4.3749
0.2736	4.404
0.2735	4.4047
0.27306	4.408
0.26942	4.431
0.26873	4.4356
0.26533	4.4575
0.26384	4.4676
0.26125	4.4847
0.25893	4.5007
0.25717	4.5125
0.25399	4.5349
0.25309	4.5411
0.24903	4.5702
0.24901	4.5704
0.24892	4.571
0.24492	4.5973
0.24412	4.6028
0.24084	4.6248
0.23921	4.6361
0.23676	4.6528
0.23427	4.6704
0.23268	4.6814
0.22931	4.7055
0.2286	4.7105
0.22537	4.734
0.22452	4.7399
0.22434	4.7412
0.22043	4.7686
0.21937	4.7763
0.21635	4.7978
0.2144	4.8121
0.21227	4.8274
0.2094	4.8487
0.20819	4.8575
0.20438	4.8861
0.20411	4.8881
0.20293	4.897
0.20002	4.9189
0.19934	4.9242
0.19594	4.95
0.1943	4.9628
0.19186	4.9816
0.18924	5.0022
0.18778	5.0136
0.18416	5.0423
0.1837	5.046
0.18183	5.061
0.17962	5.0791
0.17904	5.084
0.17553	5.1131
0.17387	5.1272
0.17145	5.1474
0.1687	5.1709
0.16737	5.1821
0.16351	5.2153
0.16329	5.2171
0.16249	5.224
0.15921	5.2539
0.15823	5.2629
0.15512	5.2914
0.15292	5.3118
0.15104	5.3291
0.1476	5.3612
0.14696	5.3672
0.14485	5.387
0.14288	5.4069
0.14221	5.4137
0.1388	5.4482
0.13674	5.4692
0.13472	5.4897
0.13125	5.5253
0.13063	5.5316
0.12884	5.55
0.12655	5.5757
0.12566	5.5856
0.12247	5.6214
0.12	5.6492
0.11839	5.6673
0.11433	5.713
0.11431	5.7133
0.11425	5.714
0.11022	5.7639
0.10841	5.7863
0.10614	5.8144
0.1025	5.8594
0.10206	5.8649
0.10108	5.877
0.09798	5.9192
0.096383	5.9408
0.0939	5.9745
0.090216	6.0242
0.08982	6.0295
0.089041	6.04
0.08573	6.0891
0.08379	6.1175
0.08165	6.1491
0.07794	6.203
0.07757	6.2089
0.077327	6.2128
0.07349	6.2738
0.07061	6.3187
0.06941	6.3377
0.067511	6.367
0.06533	6.4039
0.063747	6.4301
0.06124	6.472
0.057685	6.53
0.05716	6.5393
0.056751	6.5463
0.05308	6.6103
0.04959	6.6694
0.049	6.6795
0.048192	6.693
0.04492	6.7513
0.042343	6.7957
0.04083	6.8221
0.038824	6.856
0.03675	6.893
0.035146	6.9205
0.03267	6.9636
0.029305	7.02
0.02859	7.0325
0.028054	7.0414
0.02451	7.1016
0.021066	7.1576
0.02043	7.1681
0.019489	7.183
0.01634	7.234
0.014263	7.266
0.01226	7.2975
0.0090117	7.346
0.00818	7.3586
0.007691	7.3655
0.0041	7.418
0.001346	7.456
2.0000e-05	7.4748
-0.0025506	7.509
-0.00407	7.5292
-0.0047989	7.5383
-0.00815	7.5813
-0.010711	7.612
-0.01223	7.6307
-0.01591	7.673
-0.01631	7.6776
-0.016465	7.6792
-0.02039	7.722
-0.022031	7.7386
-0.02447	7.764
-0.027478	7.7929
-0.02856	7.8037
-0.032105	7.836
-0.03264	7.8408
-0.032791	7.842
-0.03672	7.8755
-0.037946	7.885
-0.0408	7.908
-0.043001	7.9239
-0.04488	7.9382
-0.047972	7.9592
-0.04897	7.9663
-0.052848	7.9909
-0.05305	7.9923
-0.054189	7.999
-0.05713	8.016
-0.057617	8.0185
-0.06121	8.0377
-0.062304	8.0427
-0.06529	8.0574
-0.066921	8.0642
-0.06937	8.0751
-0.071479	8.083
-0.07346	8.091
-0.075974	8.0994
-0.07754	8.1051
-0.080405	8.1135
-0.08162	8.1173
-0.084781	8.1253
-0.0857	8.1278
-0.089104	8.135
-0.08978	8.1366
-0.093378	8.1427
-0.09386	8.1436
-0.097613	8.1486
-0.09795	8.1491
-0.10179	8.1526
-0.10203	8.1528
-0.10593	8.1548
-0.10611	8.155
-0.11003	8.1555
-0.11019	8.1555
-0.11408	8.1545
-0.11427	8.1545
-0.11811	8.1521
-0.11836	8.1519
-0.12209	8.1482
-0.12244	8.1478
-0.12604	8.1429
-0.12652	8.1422
-0.12995	8.1362
-0.1306	8.1351
-0.13384	8.1283
-0.13468	8.1265
-0.13769	8.1191
-0.13876	8.1164
-0.14151	8.1086
-0.14285	8.1048
-0.1453	8.097
-0.14693	8.0918
-0.14906	8.0843
-0.15101	8.0773
-0.1528	8.0704
-0.15509	8.0613
-0.1565	8.0554
-0.15917	8.0439
-0.16018	8.0394
-0.16326	8.0251
-0.16384	8.0222
-0.16734	8.0048
-0.16747	8.0041
-0.16843	7.999
-0.17106	7.9846
-0.17142	7.9825
-0.17462	7.9638
-0.1755	7.9585
-0.17816	7.9421
-0.17958	7.9329
-0.18167	7.9194
-0.18366	7.9058
-0.18516	7.8956
-0.18775	7.8771
-0.18862	7.8709
-0.19183	7.8469
-0.19206	7.8452
-0.19325	7.836
-0.19546	7.8181
-0.19591	7.8143
-0.19883	7.7897
-0.19999	7.7794
-0.20217	7.7603
-0.20407	7.7428
-0.2055	7.7299
-0.20816	7.7045
-0.2088	7.6985
-0.21138	7.673
-0.21206	7.666
-0.21224	7.664
-0.21529	7.6315
-0.21632	7.6198
-0.21849	7.596
-0.2204	7.5737
-0.22166	7.5595
-0.22448	7.5257
-0.2248	7.522
-0.22586	7.509
-0.2279	7.4825
-0.22856	7.4733
-0.23095	7.4413
-0.23265	7.4172
-0.23398	7.399
-0.23673	7.359
-0.23697	7.3556
-0.23762	7.346
-0.23989	7.3093
-0.24081	7.2936
-0.24277	7.2613
-0.24489	7.2241
-0.24561	7.2119
-0.24723	7.183
-0.24839	7.1598
-0.24897	7.1473
-0.25108	7.104
-0.25306	7.0606
-0.25373	7.0466
-0.25492	7.02
-0.25625	6.9844
-0.25714	6.959
-0.25867	6.9173
-0.26076	6.856
-0.26099	6.8469
-0.26122	6.8371
-0.26301	6.7645
-0.26464	6.693
-0.26486	6.6754
-0.2653	6.6361
-0.26615	6.5639
-0.2665	6.53
-0.26634	6.4085
-0.26626	6.367
-0.2653	6.3046
-0.2638	6.203
-0.26122	6.1136
-0.25916	6.04
-0.25714	5.9924
-0.25412	5.9194
