-0.22773	-13.061
-0.22448	-13.149
-0.22163	-13.225
-0.2204	-13.251
-0.21908	-13.278
-0.21632	-13.335
-0.21368	-13.388
-0.21224	-13.412
-0.21122	-13.429
-0.20816	-13.479
-0.20434	-13.54
-0.20407	-13.545
-0.20367	-13.551
-0.19999	-13.601
-0.19812	-13.626
-0.19591	-13.655
-0.19206	-13.705
-0.19183	-13.708
-0.19134	-13.714
-0.18775	-13.755
-0.18635	-13.77
-0.18366	-13.8
-0.18074	-13.831
-0.17958	-13.844
-0.17631	-13.878
-0.1755	-13.886
-0.17524	-13.888
-0.17142	-13.925
-0.1699	-13.939
-0.16734	-13.962
-0.16462	-13.987
-0.16326	-13.999
-0.15938	-14.032
-0.15917	-14.034
-0.15838	-14.041
-0.15509	-14.068
-0.15425	-14.074
-0.15101	-14.1
-0.14918	-14.114
-0.14693	-14.131
-0.14416	-14.152
-0.14285	-14.161
-0.13917	-14.188
-0.13876	-14.191
-0.13683	-14.204
-0.13468	-14.219
-0.13423	-14.222
-0.1306	-14.246
-0.12934	-14.254
-0.12652	-14.272
-0.12449	-14.285
-0.12244	-14.298
-0.11967	-14.314
-0.11836	-14.322
-0.11489	-14.342
-0.11427	-14.345
-0.11037	-14.367
-0.11019	-14.368
-0.11016	-14.368
-0.10611	-14.39
-0.10544	-14.394
-0.10203	-14.411
-0.10076	-14.418
-0.09795	-14.431
-0.096119	-14.44
-0.09386	-14.45
-0.091514	-14.461
-0.08978	-14.468
-0.086955	-14.481
-0.0857	-14.485
-0.08244	-14.498
-0.08162	-14.5
-0.077969	-14.514
-0.07754	-14.515
-0.073544	-14.528
-0.07346	-14.528
-0.072274	-14.531
-0.06937	-14.54
-0.069132	-14.54
-0.06529	-14.55
-0.064778	-14.551
-0.06121	-14.558
-0.060486	-14.56
-0.05713	-14.563
-0.056262	-14.566
-0.05305	-14.567
-0.052115	-14.568
-0.04897	-14.566
-0.048052	-14.568
-0.04488	-14.562
-0.044085	-14.563
-0.0408	-14.554
-0.040241	-14.553
-0.03672	-14.539
-0.036532	-14.538
-0.035228	-14.531
-0.032927	-14.519
-0.03264	-14.517
-0.029441	-14.496
-0.02856	-14.486
-0.026123	-14.465
-0.02447	-14.441
-0.023013	-14.426
-0.02039	-14.38
-0.020151	-14.377
-0.019708	-14.367
-0.017371	-14.325
-0.01631	-14.297
-0.014806	-14.264
-0.012882	-14.204
-0.012491	-14.194
-0.01223	-14.184
-0.010232	-14.121
-0.0083486	-14.041
-0.0082456	-14.037
-0.00815	-14.033
-0.0062927	-13.952
-0.0049525	-13.878
-0.0045575	-13.858
-0.00407	-13.829
-0.0028924	-13.761
-0.002225	-13.714
-0.0013739	-13.658
1.8100e-06	-13.551
8.0602e-06	-13.551
2.0000e-05	-13.549
0.0013079	-13.439
0.0018238	-13.388
0.0024661	-13.323
0.0033073	-13.225
0.0034977	-13.201
0.0041	-13.115
0.0043983	-13.073
0.0044746	-13.061
0.005124	-12.939
0.0053202	-12.898
0.0056624	-12.797
0.0058556	-12.735
0.005981	-12.647
0.0060787	-12.572
0.0060287	-12.486
0.0059856	-12.408
0.0057338	-12.31
0.0055755	-12.245
0.0050001	-12.118
0.0048468	-12.082
0.0041	-11.966
0.0037884	-11.918
0.0036159	-11.899
0.0024025	-11.755
0.0011185	-11.636
0.00066989	-11.592
2.0000e-05	-11.54
-0.0014536	-11.429
-0.0039611	-11.27
-0.0040269	-11.266
-0.00407	-11.264
-0.007236	-11.102
-0.00815	-11.061
-0.01131	-10.939
-0.01223	-10.907
-0.014909	-10.832
-0.01631	-10.791
-0.016934	-10.776
-0.02039	-10.702
-0.023407	-10.655
-0.02447	-10.635
-0.026313	-10.612
-0.02856	-10.585
-0.029363	-10.58
-0.03264	-10.548
-0.034466	-10.539
-0.03672	-10.521
-0.039208	-10.513
-0.0408	-10.503
-0.043703	-10.496
-0.04488	-10.49
-0.048031	-10.486
-0.04897	-10.483
-0.052223	-10.482
-0.05305	-10.48
-0.056314	-10.482
-0.05713	-10.48
-0.060328	-10.484
-0.06121	-10.484
-0.06428	-10.489
-0.06529	-10.489
-0.068183	-10.496
-0.06937	-10.497
-0.072049	-10.505
-0.07346	-10.507
-0.075877	-10.515
-0.07754	-10.519
-0.07967	-10.527
-0.08162	-10.532
-0.083436	-10.539
-0.0857	-10.546
-0.087177	-10.553
-0.08978	-10.562
-0.090895	-10.567
-0.09386	-10.579
-0.094593	-10.583
-0.09795	-10.597
-0.098278	-10.599
-0.1011	-10.612
-0.10193	-10.616
-0.10203	-10.616
-0.10557	-10.634
-0.10611	-10.636
-0.10918	-10.652
-0.11019	-10.657
-0.11279	-10.672
-0.11427	-10.679
-0.11638	-10.691
-0.11836	-10.702
-0.11996	-10.712
-0.12244	-10.726
-0.12352	-10.733
-0.12652	-10.75
-0.12706	-10.754
-0.13056	-10.776
-0.1306	-10.776
-0.1306	-10.776
-0.1341	-10.799
-0.13468	-10.803
-0.13759	-10.823
-0.13876	-10.831
-0.14107	-10.847
-0.14285	-10.859
-0.14453	-10.872
-0.14693	-10.889
-0.14798	-10.897
-0.15101	-10.92
-0.15141	-10.923
-0.15346	-10.939
-0.15482	-10.95
-0.15509	-10.952
-0.1582	-10.978
-0.15917	-10.986
-0.16158	-11.006
-0.16326	-11.02
-0.16494	-11.035
-0.16734	-11.056
-0.16827	-11.065
-0.17142	-11.093
-0.17159	-11.095
-0.17233	-11.102
-0.17488	-11.127
-0.1755	-11.133
-0.17814	-11.16
-0.17958	-11.175
-0.18138	-11.194
-0.18366	-11.218
-0.18461	-11.228
-0.18775	-11.262
-0.18782	-11.263
-0.18809	-11.266
-0.19096	-11.301
-0.19183	-11.312
-0.19408	-11.339
-0.19591	-11.363
-0.19717	-11.379
-0.19999	-11.416
-0.20024	-11.419
-0.201	-11.429
-0.20324	-11.462
-0.20407	-11.475
-0.2062	-11.507
-0.20816	-11.538
-0.20913	-11.553
-0.21153	-11.592
-0.21202	-11.601
-0.21224	-11.605
-0.21478	-11.653
-0.21632	-11.684
-0.21753	-11.707
-0.21993	-11.755
-0.22022	-11.762
-0.2204	-11.766
-0.22275	-11.824
-0.22448	-11.869
-0.22524	-11.888
-0.22642	-11.918
-0.22759	-11.957
-0.22856	-11.991
-0.22979	-12.033
-0.23119	-12.082
-0.23183	-12.115
-0.23265	-12.158
-0.23361	-12.207
-0.23433	-12.245
-0.23502	-12.313
-0.23596	-12.408
-0.23599	-12.438
-0.23614	-12.572
-0.23586	-12.607
-0.23486	-12.735
-0.23265	-12.865
-0.23208	-12.898
-0.22856	-13.03
-0.22773	-13.061
