0.4	1.7241
0.39784	1.719
0.39595	1.7148
0.39402	1.7092
0.39187	1.7032
0.39023	1.6976
0.38779	1.6895
0.38648	1.6843
0.38371	1.6736
0.38277	1.6694
0.37962	1.6556
0.3791	1.6529
0.37554	1.6355
0.37546	1.6351
0.37489	1.632
0.37177	1.6195
0.37146	1.6183
0.36809	1.6035
0.36738	1.6005
0.36444	1.5864
0.3633	1.5812
0.36081	1.5684
0.35921	1.5604
0.3572	1.5493
0.35513	1.5383
0.35362	1.5295
0.35105	1.5149
0.35006	1.5087
0.34697	1.4902
0.34651	1.4872
0.34364	1.469
0.34297	1.4657
0.34289	1.4653
0.33937	1.4468
0.33881	1.444
0.33577	1.4273
0.33472	1.4217
0.33219	1.4072
0.33064	1.3985
0.32862	1.3865
0.32656	1.3745
0.32507	1.3654
0.32248	1.3497
0.32154	1.3437
0.3184	1.3241
0.31801	1.3215
0.3156	1.306
0.31447	1.3
0.31432	1.2992
0.31087	1.2802
0.31023	1.2767
0.30729	1.2601
0.30615	1.2537
0.30372	1.2396
0.30207	1.2301
0.30016	1.2187
0.29799	1.206
0.29661	1.1976
0.29391	1.1814
0.29306	1.1761
0.28982	1.1562
0.28951	1.1543
0.28755	1.142
0.28596	1.1333
0.28574	1.1322
0.28237	1.1135
0.28166	1.1096
0.2788	1.0934
0.27758	1.0866
0.27523	1.0731
0.2735	1.0632
0.27166	1.0525
0.26942	1.0395
0.2681	1.0317
0.26533	1.0154
0.26454	1.0107
0.26125	0.99109
0.26099	0.9895
0.25924	0.979
0.25742	0.96902
0.25717	0.96763
0.25384	0.94916
0.25309	0.94495
0.25026	0.92911
0.24901	0.92201
0.24668	0.90885
0.24492	0.89875
0.24311	0.88843
0.24084	0.87531
0.23954	0.86787
0.23676	0.85166
0.23598	0.84717
0.23268	0.82782
0.23242	0.82633
0.23067	0.816
0.22885	0.80586
0.2286	0.8044
0.22528	0.78574
0.22452	0.78134
0.2217	0.76543
0.22043	0.758
0.21813	0.74497
0.21635	0.73451
0.21456	0.72437
0.21227	0.71083
0.211	0.70362
0.20819	0.68695
0.20745	0.68272
0.20411	0.6629
0.20389	0.66166
0.20244	0.653
0.20033	0.6407
0.20002	0.63881
0.19677	0.61979
0.19594	0.61468
0.19321	0.59871
0.19186	0.59032
0.18966	0.57744
0.18778	0.56572
0.18611	0.55597
0.1837	0.5409
0.18257	0.53431
0.17962	0.51584
0.17904	0.51243
0.17553	0.49048
0.1755	0.49029
0.17529	0.489
0.17197	0.46805
0.17145	0.46447
0.16846	0.44556
0.16737	0.4381
0.16495	0.4228
0.16329	0.41141
0.16144	0.39976
0.15921	0.38437
0.15795	0.37641
0.15512	0.35689
0.15445	0.3527
0.15104	0.32909
0.15097	0.32867
0.15059	0.326
0.14751	0.30398
0.14696	0.29964
0.14406	0.27887
0.14288	0.26952
0.14062	0.25332
0.1388	0.23883
0.13719	0.22731
0.13472	0.20754
0.13377	0.20077
0.13063	0.17551
0.13036	0.17362
0.12905	0.163
0.12699	0.14542
0.12655	0.14126
0.12363	0.11629
0.12247	0.10513
0.12029	0.086448
0.11839	0.067996
0.11698	0.055824
0.11431	0.029761
0.11368	0.024312
0.11111	-0.001
0.11041	-0.0085079
0.11022	-0.010764
0.1072	-0.043262
0.10614	-0.056106
0.10402	-0.079144
0.10206	-0.10324
0.10087	-0.11631
0.09798	-0.15241
0.097753	-0.15492
0.097038	-0.164
0.094717	-0.19664
0.0939	-0.20963
0.091736	-0.24055
0.08982	-0.27168
0.088803	-0.28646
0.086366	-0.327
0.085935	-0.33516
0.08573	-0.33952
0.083194	-0.38868
0.08165	-0.4226
0.080524	-0.44501
0.078543	-0.49
0.077958	-0.5056
0.07757	-0.51726
0.075554	-0.57296
0.07349	-0.63766
0.073253	-0.64447
0.072963	-0.654
0.071189	-0.72509
0.06941	-0.80588
0.069275	-0.8116
0.069163	-0.817
0.067658	-0.91002
0.066667	-0.98
0.066275	-1.0177
0.06533	-1.1224
0.065188	-1.1374
0.065143	-1.143
0.06446	-1.2721
0.064309	-1.307
0.064052	-1.4191
0.06397	-1.47
0.06394	-1.5776
0.063951	-1.633
0.064056	-1.7452
0.064121	-1.796
0.064306	-1.9189
0.064377	-1.96
0.064587	-2.0934
0.064638	-2.123
0.064819	-2.2656
0.064847	-2.286
0.064957	-2.4341
0.064968	-2.449
0.064984	-2.5991
0.064985	-2.613
0.064912	-2.7594
0.064903	-2.776
0.06477	-2.9167
0.064746	-2.939
0.064599	-3.0729
0.064561	-3.102
0.064452	-3.2308
0.064412	-3.266
0.064409	-3.3923
0.064393	-3.429
0.064589	-3.5625
0.064618	-3.592
0.065223	-3.7517
0.065236	-3.756
0.06533	-3.7692
0.066422	-3.919
0.067505	-4.0059
0.068412	-4.082
0.06941	-4.1363
0.071498	-4.245
0.07349	-4.3183
0.076089	-4.409
0.07757	-4.4479
0.080109	-4.5104
0.08165	-4.5495
0.082594	-4.572
0.08573	-4.6314
0.088404	-4.6786
0.08982	-4.7047
0.091576	-4.735
0.0939	-4.7682
0.095142	-4.7846
0.09798	-4.8245
0.1013	-4.8676
0.10206	-4.8781
0.10361	-4.898
0.10614	-4.9259
0.10707	-4.9354
0.11022	-4.9698
0.11261	-4.9938
0.11431	-5.0122
0.11809	-5.05
0.11839	-5.0532
0.11928	-5.062
0.12247	-5.0902
0.12336	-5.0974
0.12655	-5.1255
0.12855	-5.1418
0.13063	-5.16
0.13372	-5.185
0.13472	-5.1937
0.1386	-5.225
0.1388	-5.2265
0.13885	-5.2268
0.14288	-5.2568
0.14384	-5.2634
0.14696	-5.2865
0.14882	-5.2994
0.15104	-5.3158
0.15379	-5.3347
0.15512	-5.3445
0.15875	-5.3695
0.15921	-5.3729
0.1614	-5.388
0.16329	-5.4004
0.16366	-5.4027
0.16737	-5.427
0.16853	-5.4342
0.17145	-5.4533
0.17338	-5.4653
0.17553	-5.4793
0.17824	-5.4961
0.17962	-5.505
0.18309	-5.5265
0.1837	-5.5305
0.18703	-5.551
0.18778	-5.5556
0.18791	-5.5563
0.19186	-5.5803
0.19271	-5.5853
0.19594	-5.6049
0.19751	-5.614
0.20002	-5.6292
0.2023	-5.6425
0.20411	-5.6534
0.20709	-5.6707
0.20819	-5.6773
0.21186	-5.6986
0.21227	-5.701
0.2147	-5.715
0.21635	-5.7247
0.21664	-5.7264
0.22043	-5.7487
0.22142	-5.7544
0.22452	-5.7725
0.2262	-5.7821
0.2286	-5.7961
0.23097	-5.8096
0.23268	-5.8195
0.23573	-5.8367
0.23676	-5.8426
0.24048	-5.8635
0.24084	-5.8655
0.24308	-5.878
0.24492	-5.8889
0.24524	-5.8908
0.24901	-5.913
0.25003	-5.919
0.25309	-5.9368
0.25481	-5.9467
0.25717	-5.9604
0.25957	-5.974
0.26125	-5.9836
0.26433	-6.0009
0.26533	-6.0066
0.26908	-6.0274
0.26942	-6.0293
0.27157	-6.0411
0.2735	-6.0529
0.27385	-6.055
0.27758	-6.0775
0.27865	-6.0839
0.28166	-6.1018
0.28344	-6.1123
0.28574	-6.1258
0.28821	-6.14
0.28982	-6.1492
0.29298	-6.1671
0.29391	-6.1723
0.29771	-6.1934
0.29799	-6.1949
0.29975	-6.2044
0.30207	-6.2192
0.30251	-6.2219
0.30615	-6.2445
0.30733	-6.2518
0.31023	-6.2693
0.31214	-6.2807
0.31432	-6.2936
0.31692	-6.3086
0.3184	-6.3171
0.32167	-6.3354
0.32248	-6.3399
0.32639	-6.361
0.32656	-6.3619
0.32767	-6.3677
0.33064	-6.3869
0.33121	-6.3905
0.33472	-6.4124
0.33604	-6.4204
0.33881	-6.4369
0.34083	-6.4487
0.34289	-6.4604
0.34558	-6.4753
0.34697	-6.4828
0.35028	-6.5002
0.35105	-6.5041
0.35494	-6.5234
0.35513	-6.5243
0.35656	-6.5309
0.35921	-6.5471
0.35968	-6.5499
0.3633	-6.5705
0.36444	-6.5767
0.36738	-6.5923
0.36913	-6.601
0.37146	-6.6124
0.37376	-6.6229
0.37554	-6.6309
0.37833	-6.6424
0.37962	-6.6477
0.38284	-6.6596
0.38371	-6.6627
0.38729	-6.6744
0.38779	-6.6759
0.39169	-6.6868
0.39187	-6.6873
0.3948	-6.6942
0.39595	-6.698
0.39605	-6.6982
0.4	-6.7087
