0.059735	2.5329
0.059785	2.576
0.059914	2.6022
0.060172	2.652
0.060279	2.6643
0.06061	2.7001
0.060793	2.7202
0.060859	2.727
0.061446	2.7715
0.06189	2.803
0.062183	2.8198
0.06263	2.8436
0.063013	2.8646
0.063297	2.879
0.063924	2.9063
0.06465	2.9355
0.064897	2.9457
0.06514	2.955
0.065938	2.9822
0.06667	3.0051
0.067028	3.0167
0.067477	3.03
0.068181	3.0492
0.06869	3.0617
0.069388	3.0798
0.070509	3.106
0.070636	3.1088
0.07071	3.1102
0.07194	3.1357
0.07273	3.1504
0.073281	3.1613
0.074462	3.182
0.074661	3.1853
0.07475	3.1866
0.076086	3.2077
0.07677	3.2173
0.077546	3.2288
0.07879	3.2451
0.07904	3.2486
0.079807	3.258
0.080567	3.267
0.08081	3.2695
0.082126	3.2841
0.08283	3.2909
0.083716	3.3001
0.08485	3.3102
0.085337	3.3149
0.08687	3.3276
0.086987	3.3287
0.087553	3.333
0.088668	3.3413
0.08889	3.3427
0.090379	3.353
0.09091	3.356
0.092117	3.3636
0.09293	3.3678
0.09388	3.3733
0.09495	3.3783
0.095668	3.382
0.09697	3.3875
0.09748	3.3898
0.09899	3.3954
0.099316	3.3967
0.10101	3.4022
0.10118	3.4028
0.10303	3.4079
0.10306	3.408
0.10349	3.409
0.10496	3.4124
0.10505	3.4125
0.10689	3.4159
0.10707	3.4162
0.10883	3.4187
0.10909	3.4189
0.1108	3.4207
0.11111	3.4208
0.11279	3.4219
0.11313	3.422
0.11479	3.4224
0.11515	3.4223
0.11682	3.4221
0.11717	3.4219
0.11887	3.4211
0.11919	3.4208
0.12094	3.4193
0.12121	3.419
0.12302	3.4168
0.12323	3.4165
0.12513	3.4136
0.12525	3.4134
0.12725	3.4097
0.12727	3.4096
0.12756	3.409
0.12929	3.4052
0.1294	3.4049
0.13131	3.4
0.13157	3.3993
0.13333	3.3943
0.13376	3.393
0.13535	3.388
0.13596	3.3859
0.13737	3.381
0.1382	3.3779
0.13939	3.3735
0.14045	3.3692
0.14141	3.3653
0.14272	3.3596
0.14343	3.3565
0.14502	3.3491
0.14545	3.3472
0.14734	3.3378
0.14747	3.3372
0.14828	3.333
0.14949	3.3264
0.1497	3.3252
0.15151	3.3149
0.1521	3.3112
0.15353	3.3026
0.15453	3.2961
0.15556	3.2896
0.15699	3.2799
0.15758	3.2761
0.15947	3.2627
0.1596	3.2618
0.16012	3.258
0.16162	3.2463
0.16202	3.2429
0.16364	3.2298
0.16462	3.2212
0.16566	3.2124
0.16725	3.1981
0.16768	3.1943
0.169	3.182
0.1697	3.175
0.16996	3.1721
0.17172	3.1537
0.17279	3.1418
0.17374	3.1315
0.17567	3.1093
0.17576	3.1083
0.17596	3.106
0.17778	3.082
0.1788	3.0678
0.1798	3.0542
0.18149	3.03
0.18182	3.0246
0.18209	3.0199
0.18384	2.9905
0.18586	2.955
0.18586	2.9549
0.18587	2.9548
0.18788	2.9117
0.18936	2.879
0.1899	2.8641
0.1915	2.8188
0.19192	2.807
0.19206	2.803
0.19394	2.7316
0.19406	2.727
0.19429	2.7139
0.19541	2.652
0.19596	2.5982
0.19619	2.576
0.19621	2.5665
0.1964	2.5
0.19633	2.4859
0.19605	2.424
0.19602	2.4217
0.19596	2.4167
0.1954	2.3698
0.19514	2.349
0.19464	2.3228
0.19394	2.2883
0.19377	2.2795
0.19363	2.273
0.19276	2.2414
0.19192	2.2124
0.19171	2.2049
0.19148	2.197
0.19056	2.172
0.1899	2.1547
0.18938	2.1407
0.1886	2.121
0.18815	2.1111
0.18788	2.1057
0.18686	2.084
0.18586	2.0639
0.18555	2.0575
0.18496	2.046
0.18419	2.0327
0.18384	2.0269
0.1828	2.0093
0.18182	1.9937
0.18138	1.9865
0.18032	1.97
0.17994	1.9647
0.1798	1.9628
0.17846	1.9444
0.17778	1.9356
0.17696	1.9247
0.17576	1.9096
0.17545	1.9056
0.1745	1.894
0.17392	1.8874
0.17374	1.8855
0.17235	1.8702
0.17172	1.8636
0.17078	1.8535
0.1697	1.8427
0.16918	1.8374
0.16768	1.8228
0.16758	1.8218
0.16718	1.818
0.16595	1.8071
0.16566	1.8046
0.16431	1.793
0.16364	1.7875
0.16266	1.7794
0.16162	1.7712
0.16099	1.7662
0.1596	1.7557
0.15932	1.7535
0.15786	1.743
0.15762	1.7413
0.15758	1.7411
0.15591	1.7299
0.15556	1.7277
0.15418	1.7188
0.15353	1.7149
0.15244	1.7082
0.15151	1.7028
0.15069	1.698
0.14949	1.6914
0.14892	1.6883
0.14747	1.6806
0.14715	1.679
0.14545	1.6705
0.14537	1.6701
0.14471	1.667
0.14357	1.6618
0.14343	1.6612
0.14175	1.654
0.14141	1.6526
0.13993	1.6467
0.13939	1.6446
0.13809	1.6398
0.13737	1.6372
0.13624	1.6334
0.13535	1.6304
0.13438	1.6275
0.13333	1.6242
0.13251	1.622
0.13131	1.6187
0.13062	1.617
0.12929	1.6137
0.12872	1.6126
0.12727	1.6094
0.1268	1.6086
0.12525	1.6057
0.12487	1.6053
0.12323	1.6027
0.12292	1.6025
0.12121	1.6004
0.12096	1.6003
0.11919	1.5988
0.11898	1.5988
0.11717	1.5978
0.11699	1.5979
0.11515	1.5977
0.11497	1.5978
0.11313	1.5982
0.11293	1.5985
0.11111	1.5996
0.11087	1.6
0.10909	1.6018
0.10879	1.6024
0.10707	1.6049
0.10668	1.6058
0.10505	1.6089
0.10454	1.6104
0.10303	1.6138
0.10236	1.6161
0.10101	1.6198
0.10016	1.6231
0.09899	1.6268
0.097913	1.6315
0.09697	1.635
0.095626	1.6416
0.09495	1.6444
0.093293	1.6533
0.09293	1.655
0.090916	1.667
0.09091	1.667
0.090909	1.6671
0.08889	1.6811
0.088407	1.6852
0.08687	1.6969
0.085824	1.7063
0.08485	1.7144
0.083152	1.7309
0.08283	1.7338
0.081942	1.743
0.08081	1.7559
0.080274	1.7629
0.07879	1.781
0.077159	1.8036
0.07677	1.8086
0.076131	1.818
0.07475	1.8406
0.07359	1.8617
0.07273	1.8766
0.071821	1.894
0.07071	1.9183
0.068979	1.9591
0.06869	1.9658
0.068521	1.97
0.06667	2.0238
0.065951	2.046
0.06465	2.0943
0.063962	2.121
0.06263	2.1855
0.062401	2.197
0.062096	2.2171
0.061232	2.273
0.06061	2.3301
0.060408	2.349
0.060343	2.3589
0.059906	2.424
0.059827	2.4534
0.059698	2.5
0.059735	2.5329
