0.00818	-8.8721
0.011737	-8.9798
0.01226	-8.9937
0.01297	-9.0082
0.01634	-9.0846
0.019762	-9.1431
0.02043	-9.1534
0.02077	-9.1567
0.02451	-9.2049
0.026431	-9.2199
0.02859	-9.2433
0.031553	-9.2616
0.03267	-9.2718
0.036324	-9.2893
0.03675	-9.2925
0.04058	-9.3063
0.04083	-9.3071
0.040851	-9.3071
0.04492	-9.317
0.045179	-9.3167
0.049	-9.3228
0.049395	-9.3221
0.05308	-9.3253
0.05353	-9.3243
0.05716	-9.3252
0.057602	-9.324
0.06124	-9.3228
0.061623	-9.3216
0.06533	-9.3184
0.06561	-9.3175
0.06941	-9.3125
0.069551	-9.312
0.072803	-9.3063
0.07346	-9.3051
0.07349	-9.3051
0.07733	-9.2967
0.07757	-9.2966
0.081178	-9.2874
0.08165	-9.287
0.085007	-9.2774
0.08573	-9.2764
0.088827	-9.2667
0.08982	-9.265
0.092628	-9.2554
0.0939	-9.2528
0.096413	-9.2436
0.09798	-9.2399
0.10019	-9.2314
0.10206	-9.2264
0.10395	-9.2187
0.10614	-9.2123
0.1077	-9.2056
0.11022	-9.1975
0.11145	-9.1921
0.11431	-9.1823
0.11519	-9.1782
0.11839	-9.1665
0.11891	-9.164
0.12247	-9.1503
0.12263	-9.1495
0.12421	-9.1431
0.12633	-9.1343
0.12655	-9.1335
0.13001	-9.1185
0.13063	-9.1162
0.1337	-9.1024
0.13472	-9.0984
0.13737	-9.086
0.1388	-9.0802
0.14104	-9.0694
0.14288	-9.0616
0.1447	-9.0526
0.14696	-9.0425
0.14835	-9.0355
0.15104	-9.0231
0.152	-9.0181
0.15512	-9.0032
0.15564	-9.0005
0.15921	-8.9829
0.15928	-8.9825
0.15982	-8.9798
0.16289	-8.9636
0.16329	-8.9616
0.16648	-8.9443
0.16737	-8.9397
0.17007	-8.9247
0.17145	-8.9173
0.17366	-8.9048
0.17553	-8.8945
0.17724	-8.8847
0.17962	-8.8712
0.18081	-8.8642
0.1837	-8.8476
0.18437	-8.8436
0.18778	-8.8235
0.18793	-8.8226
0.18894	-8.8166
0.19145	-8.8003
0.19186	-8.7977
0.19496	-8.7773
0.19594	-8.7707
0.19845	-8.7539
0.20002	-8.7432
0.20194	-8.7301
0.20411	-8.7151
0.20543	-8.706
0.20819	-8.6866
0.2089	-8.6817
0.21227	-8.6577
0.21236	-8.657
0.21288	-8.6533
0.21577	-8.6299
0.21635	-8.6249
0.21915	-8.602
0.22043	-8.5909
0.22252	-8.5736
0.22452	-8.5562
0.22589	-8.5448
0.2286	-8.5211
0.22924	-8.5157
0.23216	-8.49
0.23257	-8.4857
0.23268	-8.4845
0.2358	-8.4517
0.23676	-8.4411
0.23902	-8.4172
0.24084	-8.3969
0.24222	-8.3822
0.24492	-8.352
0.24542	-8.3467
0.24719	-8.3268
0.24854	-8.3079
0.24901	-8.3009
0.25155	-8.2651
0.25309	-8.2423
0.25454	-8.2217
0.25717	-8.1827
0.25752	-8.1777
0.25848	-8.1635
0.26033	-8.1268
0.26125	-8.1078
0.26305	-8.0722
0.26533	-8.0249
0.26574	-8.0167
0.26653	-8.0003
0.26819	-7.951
0.26942	-7.9126
0.2705	-7.8803
0.2719	-7.837
0.2726	-7.8008
0.2735	-7.7525
0.27436	-7.7081
0.275	-7.6737
0.27557	-7.5935
0.27615	-7.5105
0.27585	-7.4414
0.27546	-7.3472
0.2735	-7.2257
0.27283	-7.184
0.26942	-7.0682
0.26801	-7.0207
0.26533	-6.9615
0.26209	-6.8909
0.26125	-6.8724
0.26056	-6.8574
0.25717	-6.8045
0.25503	-6.7719
0.25309	-6.7416
0.24997	-6.6942
0.24901	-6.6829
0.24862	-6.6784
0.24492	-6.6353
0.24287	-6.6121
0.24084	-6.5885
0.23717	-6.5472
0.23676	-6.5425
0.23572	-6.5309
0.23268	-6.5031
0.23179	-6.4953
0.2286	-6.4663
0.22653	-6.4481
0.22452	-6.43
0.22129	-6.4019
0.22043	-6.3942
0.21734	-6.3677
0.21635	-6.3603
0.21612	-6.3587
0.21227	-6.3302
0.21113	-6.3221
0.20819	-6.3006
0.20615	-6.2862
0.20411	-6.2714
0.20119	-6.251
0.20002	-6.2427
0.19625	-6.2167
0.19594	-6.2146
0.19443	-6.2044
0.19186	-6.1885
0.19139	-6.1856
0.18778	-6.1635
0.18658	-6.1563
0.1837	-6.139
0.18178	-6.1276
0.17962	-6.1149
0.177	-6.0996
0.17553	-6.0912
0.17223	-6.0723
0.17145	-6.0679
0.16749	-6.0458
0.16737	-6.0452
0.16662	-6.0411
0.16329	-6.0237
0.16279	-6.021
0.15921	-6.0027
0.1581	-5.9968
0.15512	-5.982
0.15342	-5.9733
0.15104	-5.9617
0.14877	-5.9503
0.14696	-5.9419
0.14413	-5.9281
0.14288	-5.9225
0.13951	-5.9065
0.1388	-5.9034
0.13491	-5.8856
0.13472	-5.8848
0.13318	-5.878
0.13063	-5.8667
0.13031	-5.8652
0.12655	-5.8492
0.12573	-5.8453
0.12247	-5.8321
0.12117	-5.8261
0.11839	-5.8154
0.11663	-5.8076
0.11431	-5.7991
0.11209	-5.7897
0.11022	-5.7833
0.10758	-5.7726
0.10614	-5.768
0.10309	-5.7562
0.10206	-5.7532
0.098623	-5.7407
0.09798	-5.739
0.094176	-5.726
0.0939	-5.7254
0.090606	-5.715
0.08982	-5.7124
0.089748	-5.7121
0.08573	-5.7001
0.085316	-5.6984
0.08165	-5.6885
0.080922	-5.6857
0.07757	-5.6778
0.076555	-5.6742
0.07349	-5.6681
0.072221	-5.664
0.06941	-5.6596
0.067921	-5.6552
0.06533	-5.6523
0.063657	-5.6479
0.06124	-5.6464
0.059435	-5.6424
0.05716	-5.6424
0.05527	-5.639
0.05308	-5.6403
0.051162	-5.6379
0.049	-5.6408
0.047121	-5.6395
0.04492	-5.6442
0.043153	-5.6441
0.04083	-5.6513
0.039274	-5.6524
0.03675	-5.663
0.035506	-5.665
0.03267	-5.6805
0.031865	-5.6827
0.02859	-5.7055
0.028376	-5.7064
0.0274	-5.715
0.024985	-5.734
0.02451	-5.7401
0.021732	-5.767
0.02043	-5.7871
0.018674	-5.808
0.01634	-5.8513
0.015852	-5.8585
0.014985	-5.878
0.013157	-5.9139
0.01226	-5.9384
0.010639	-5.9763
0.0086485	-6.0411
0.0083769	-6.049
0.00818	-6.0565
0.0061804	-6.1244
0.0043877	-6.2044
0.0042451	-6.2102
0.0041	-6.2176
0.002378	-6.2988
0.0012202	-6.3677
0.00071944	-6.3957
2.0000e-05	-6.4434
-0.00082261	-6.4973
-0.0012508	-6.5309
-0.0022193	-6.6048
-0.0032024	-6.6942
-0.0034603	-6.7185
-0.00407	-6.7855
-0.0045627	-6.8377
-0.0047217	-6.8574
-0.0054955	-6.9636
-0.0058573	-7.0207
-0.006244	-7.097
-0.0066336	-7.184
-0.0067874	-7.2385
-0.0070605	-7.3472
-0.0070842	-7.3899
-0.0071423	-7.5105
-0.0070685	-7.5538
-0.0068782	-7.6737
-0.0066399	-7.7341
-0.0062633	-7.837
-0.0056489	-7.9371
-0.0052877	-8.0003
-0.00407	-8.1477
-0.0039347	-8.1635
-0.0038206	-8.1735
-0.0021618	-8.3268
2.0000e-05	-8.4857
8.3085e-05	-8.49
0.00024799	-8.4991
0.002943	-8.6533
0.0041	-8.7089
0.0066501	-8.8166
0.00818	-8.8721
