-0.26066	-3.919
-0.25714	-4.0097
-0.25441	-4.082
-0.25306	-4.1079
-0.25178	-4.133
-0.24897	-4.1879
-0.2461	-4.245
-0.24489	-4.2642
-0.2441	-4.2768
-0.24081	-4.3293
-0.2373	-4.386
-0.23673	-4.3952
-0.23589	-4.409
-0.23265	-4.4535
-0.23094	-4.4772
-0.22856	-4.5102
-0.22467	-4.5645
-0.22448	-4.5671
-0.22413	-4.572
-0.2204	-4.6184
-0.21871	-4.6394
-0.21632	-4.6694
-0.21277	-4.7139
-0.21224	-4.7205
-0.21109	-4.735
-0.20816	-4.769
-0.20696	-4.783
-0.20407	-4.8167
-0.20119	-4.8502
-0.19999	-4.8642
-0.1971	-4.898
-0.19591	-4.9112
-0.19546	-4.9163
-0.19183	-4.9569
-0.18981	-4.9794
-0.18775	-5.0024
-0.18414	-5.0426
-0.18366	-5.0481
-0.18241	-5.062
-0.17958	-5.0932
-0.1785	-5.1049
-0.1755	-5.1381
-0.17288	-5.1668
-0.17142	-5.1829
-0.16757	-5.225
-0.16734	-5.2275
-0.16725	-5.2285
-0.16326	-5.2728
-0.16161	-5.2909
-0.15917	-5.3179
-0.15596	-5.3532
-0.15509	-5.3628
-0.1528	-5.388
-0.15101	-5.4083
-0.1503	-5.4163
-0.14693	-5.4546
-0.14461	-5.4806
-0.14285	-5.5006
-0.13892	-5.5447
-0.13876	-5.5465
-0.13836	-5.551
-0.13468	-5.5944
-0.13316	-5.6122
-0.1306	-5.6423
-0.1274	-5.6796
-0.12652	-5.69
-0.12436	-5.715
-0.12244	-5.7389
-0.12158	-5.7495
-0.11836	-5.7893
-0.11567	-5.8222
-0.11427	-5.8394
-0.1111	-5.878
-0.11019	-5.89
-0.10975	-5.8957
-0.10611	-5.9433
-0.1037	-5.9744
-0.10203	-5.9961
-0.098522	-6.0411
-0.09795	-6.0491
-0.097647	-6.0532
-0.09386	-6.1056
-0.091418	-6.1388
-0.08978	-6.1614
-0.086591	-6.2044
-0.0857	-6.2175
-0.085189	-6.2249
-0.08162	-6.2769
-0.078807	-6.317
-0.07754	-6.3353
-0.075248	-6.3677
-0.07346	-6.3951
-0.072358	-6.4117
-0.06937	-6.457
-0.065824	-6.5096
-0.06529	-6.5176
-0.064379	-6.5309
-0.06121	-6.5809
-0.059183	-6.612
-0.05713	-6.644
-0.053811	-6.6942
-0.05305	-6.7065
-0.052544	-6.7144
-0.04897	-6.7713
-0.045825	-6.8197
-0.04488	-6.8345
-0.043364	-6.8574
-0.0408	-6.8983
-0.039141	-6.9238
-0.03672	-6.9617
-0.032799	-7.0207
-0.03264	-7.0232
-0.03254	-7.0247
-0.02856	-7.0857
-0.025988	-7.1234
-0.02447	-7.1461
-0.021821	-7.184
-0.02039	-7.205
-0.019584	-7.2162
-0.01631	-7.263
-0.013321	-7.3036
-0.01223	-7.3187
-0.010069	-7.3472
-0.00815	-7.3728
-0.0072196	-7.3844
-0.00407	-7.4251
-0.0012648	-7.4592
2.0000e-05	-7.4753
0.0030187	-7.5105
0.0041	-7.5232
0.0045355	-7.5279
0.00818	-7.5692
0.010169	-7.59
0.01226	-7.6129
0.015684	-7.6475
0.01634	-7.6544
0.018333	-7.6737
0.02043	-7.6938
0.021072	-7.6994
0.02451	-7.731
0.026319	-7.7461
0.02859	-7.7661
0.031472	-7.789
0.03267	-7.7991
0.036538	-7.8285
0.03675	-7.8302
0.037692	-7.837
0.04083	-7.8591
0.041487	-7.8633
0.04492	-7.8862
0.046362	-7.8947
0.049	-7.9114
0.051157	-7.9233
0.05308	-7.9348
0.055887	-7.9494
0.05716	-7.9565
0.060557	-7.973
0.06124	-7.9765
0.065179	-7.9943
0.06533	-7.995
0.066597	-8.0003
0.06941	-8.0117
0.06972	-8.0127
0.07349	-8.0267
0.074204	-8.0288
0.07757	-8.0403
0.078642	-8.0432
0.08165	-8.0524
0.083037	-8.0558
0.08573	-8.0632
0.087395	-8.0667
0.08982	-8.0727
0.091716	-8.0761
0.0939	-8.0808
0.095994	-8.084
0.09798	-8.0877
0.10024	-8.0905
0.10206	-8.0934
0.10444	-8.0957
0.10614	-8.0978
0.10862	-8.0996
0.11022	-8.1011
0.11277	-8.1022
0.11431	-8.1033
0.11689	-8.1037
0.11839	-8.1043
0.12098	-8.1041
0.12247	-8.1042
0.12505	-8.1033
0.12655	-8.1031
0.12908	-8.1016
0.13063	-8.1009
0.1331	-8.0988
0.13472	-8.0977
0.13709	-8.0951
0.1388	-8.0935
0.14106	-8.0905
0.14288	-8.0883
0.145	-8.085
0.14696	-8.0822
0.14892	-8.0787
0.15104	-8.0751
0.15282	-8.0715
0.15512	-8.067
0.1567	-8.0635
0.15921	-8.058
0.16057	-8.0547
0.16329	-8.0481
0.16441	-8.0451
0.16737	-8.0373
0.16823	-8.0348
0.17145	-8.0257
0.17204	-8.0239
0.17553	-8.0131
0.17583	-8.0122
0.17945	-8.0003
0.17961	-7.9998
0.17962	-7.9997
0.18334	-7.9861
0.1837	-7.9847
0.18707	-7.9717
0.18778	-7.9689
0.19077	-7.9567
0.19186	-7.9521
0.19446	-7.941
0.19594	-7.9344
0.19813	-7.9247
0.20002	-7.9159
0.20179	-7.9077
0.20411	-7.8965
0.20544	-7.8901
0.20819	-7.8763
0.20906	-7.872
0.21227	-7.8553
0.21268	-7.8532
0.21571	-7.837
0.21627	-7.8338
0.21635	-7.8333
0.21983	-7.8131
0.22043	-7.8095
0.22339	-7.7918
0.22452	-7.7846
0.22692	-7.7699
0.2286	-7.7591
0.23044	-7.7475
0.23268	-7.7327
0.23395	-7.7245
0.23676	-7.7056
0.23744	-7.7011
0.24084	-7.6777
0.24093	-7.6772
0.24142	-7.6737
0.24438	-7.652
0.24492	-7.6478
0.24782	-7.6262
0.24901	-7.6168
0.25125	-7.5999
0.25309	-7.5852
0.25466	-7.5732
0.25717	-7.553
0.25806	-7.5461
0.26125	-7.5201
0.26145	-7.5185
0.26243	-7.5105
0.26482	-7.4901
0.26533	-7.4855
0.26818	-7.4609
0.26942	-7.4497
0.27153	-7.4315
0.2735	-7.4135
0.27486	-7.4017
0.27758	-7.3769
0.27819	-7.3716
0.28086	-7.3472
0.28151	-7.3411
0.28166	-7.3395
0.2848	-7.3097
0.28574	-7.3004
0.28809	-7.2781
0.28982	-7.261
0.29138	-7.2463
0.29391	-7.2214
0.29467	-7.2143
0.29777	-7.184
0.29795	-7.1822
0.29799	-7.1817
0.3012	-7.149
0.30207	-7.1397
0.30444	-7.1158
0.30615	-7.0978
0.30769	-7.0825
0.31023	-7.0562
0.31095	-7.0493
0.31376	-7.0207
0.3142	-7.0158
0.31432	-7.0144
0.3174	-6.9808
0.3184	-6.9695
0.32061	-6.9459
0.32248	-6.9253
0.32383	-6.9113
0.32656	-6.8819
0.32705	-6.877
0.32893	-6.8574
0.33023	-6.8412
0.33064	-6.836
0.33336	-6.8032
0.33472	-6.7864
0.33651	-6.7657
0.33881	-6.7383
0.33967	-6.7287
0.34269	-6.6942
0.34283	-6.6919
0.34289	-6.6909
0.34576	-6.6456
0.34697	-6.6259
0.34869	-6.5999
0.35105	-6.5637
0.35165	-6.5551
0.35332	-6.5309
0.35418	-6.4929
0.35513	-6.4493
0.35612	-6.4074
0.35704	-6.3677
0.35513	-6.3235
0.35213	-6.2478
0.35105	-6.2206
0.35046	-6.2044
0.34697	-6.1715
0.34587	-6.1602
0.34289	-6.1303
0.34034	-6.1025
0.33881	-6.086
0.33493	-6.0411
0.33472	-6.0397
0.33468	-6.0394
0.33064	-6.0109
0.32971	-6.0038
0.32656	-5.9804
0.32466	-5.9652
0.32248	-5.9482
0.31954	-5.9237
0.3184	-5.9143
0.31434	-5.879
0.31432	-5.8788
0.31424	-5.878
0.31023	-5.8524
0.30946	-5.8472
0.30615	-5.8253
0.30455	-5.814
0.30207	-5.797
0.29959	-5.7789
0.29799	-5.7675
0.29458	-5.7419
0.29391	-5.7369
0.29109	-5.715
0.28982	-5.7072
0.28959	-5.7057
0.28574	-5.6814
0.28474	-5.6748
0.28166	-5.6548
0.27986	-5.6425
0.27758	-5.6273
0.27494	-5.6088
0.2735	-5.599
0.26999	-5.5738
0.26942	-5.5698
0.26685	-5.551
0.26533	-5.5414
0.26504	-5.5395
0.26125	-5.5151
0.26017	-5.5079
0.25717	-5.4882
0.25527	-5.4751
0.25309	-5.4605
0.25035	-5.4414
0.24901	-5.4322
0.24538	-5.4064
0.24492	-5.4032
0.24282	-5.388
0.24084	-5.3749
0.24044	-5.3722
0.23676	-5.3474
0.23553	-5.3388
0.23268	-5.3193
0.23059	-5.3045
0.2286	-5.2907
0.22563	-5.2694
0.22452	-5.2616
0.22064	-5.2333
0.22043	-5.2318
0.21951	-5.225
0.21635	-5.2026
0.21566	-5.1975
0.21227	-5.1731
0.21068	-5.1613
0.20819	-5.1432
0.20567	-5.1244
0.20411	-5.1129
0.20064	-5.0865
0.20002	-5.082
0.19741	-5.062
0.19594	-5.0507
0.19559	-5.048
0.19186	-5.0191
0.19053	-5.0085
0.18778	-4.987
0.18545	-4.9684
0.1837	-4.9546
0.18035	-4.9275
0.17962	-4.9217
0.17671	-4.898
0.17553	-4.8881
0.17521	-4.8853
0.17145	-4.8534
0.17003	-4.8411
0.16737	-4.8184
0.16482	-4.7963
0.16329	-4.7831
0.15961	-4.7508
0.15921	-4.7474
0.15781	-4.735
0.15512	-4.7099
0.1543	-4.7021
0.15104	-4.6716
0.14896	-4.6518
0.14696	-4.633
0.1436	-4.6009
0.14288	-4.594
0.14059	-4.572
0.1388	-4.5535
0.13817	-4.547
0.13472	-4.5111
0.13265	-4.4894
0.13063	-4.4684
0.12711	-4.4315
0.12655	-4.4256
0.12497	-4.409
0.12247	-4.3803
0.12147	-4.3687
0.11839	-4.3333
0.11575	-4.3028
0.11431	-4.2863
0.11073	-4.245
0.11022	-4.2385
0.10998	-4.2354
0.10614	-4.1867
0.104	-4.1596
0.10206	-4.135
0.098032	-4.0841
0.09798	-4.0834
0.097869	-4.082
0.0939	-4.0267
0.091786	-3.9975
0.08982	-3.9703
0.086089	-3.919
0.08573	-3.9135
0.085511	-3.9103
0.08165	-3.852
0.078976	-3.8122
0.07757	-3.7911
0.075194	-3.756
0.07349	-3.7283
0.072347	-3.71
0.06941	-3.6627
0.06559	-3.6024
0.06533	-3.5983
0.064926	-3.592
0.06124	-3.5291
0.058545	-3.4843
0.05716	-3.461
0.055205	-3.429
0.05308	-3.3913
0.051424	-3.3628
0.049	-3.3206
0.045772	-3.266
0.04492	-3.2506
0.044241	-3.2388
0.04083	-3.1784
0.037039	-3.1136
0.03675	-3.1086
0.036356	-3.102
0.03267	-3.0372
0.02986	-2.9897
0.02859	-2.9679
0.026835	-2.939
0.02451	-2.8993
0.022831	-2.8719
0.02043	-2.832
0.016901	-2.776
0.01634	-2.7669
0.01597	-2.7612
0.01226	-2.7028
0.0093357	-2.6592
0.00818	-2.6415
0.0062068	-2.613
0.0041	-2.5823
0.0029397	-2.5664
2.0000e-05	-2.5252
-0.0032505	-2.4819
-0.00407	-2.4707
-0.0057696	-2.449
-0.00815	-2.4187
-0.0092302	-2.4058
-0.01223	-2.3691
-0.01503	-2.3371
-0.01631	-2.3221
-0.019611	-2.286
-0.02039	-2.2776
-0.020671	-2.2748
-0.02447	-2.2355
-0.026132	-2.2198
-0.02856	-2.1958
-0.031476	-2.1695
-0.03264	-2.1586
-0.036698	-2.1239
-0.03672	-2.1237
-0.036804	-2.123
-0.0408	-2.0912
-0.041769	-2.0843
-0.04488	-2.061
-0.046751	-2.0484
-0.04897	-2.0328
-0.051645	-2.0161
-0.05305	-2.0069
-0.056451	-1.9871
-0.05713	-1.983
-0.061178	-1.9613
-0.06121	-1.9611
-0.061435	-1.96
-0.06529	-1.9414
-0.065805	-1.9393
-0.06937	-1.9236
-0.070368	-1.92
-0.07346	-1.9077
-0.074876	-1.9031
-0.07754	-1.8937
-0.079316	-1.8886
-0.08162	-1.8814
-0.083702	-1.8763
-0.0857	-1.8709
-0.088035	-1.8661
-0.08978	-1.8622
-0.092318	-1.858
-0.09386	-1.8551
-0.096561	-1.8517
-0.09795	-1.8497
-0.10076	-1.8472
-0.10203	-1.8459
-0.1049	-1.8445
-0.10611	-1.8438
-0.10901	-1.8435
-0.11019	-1.8432
-0.11308	-1.844
-0.11427	-1.8442
-0.11711	-1.846
-0.11836	-1.8467
-0.12111	-1.8495
-0.12244	-1.8508
-0.12507	-1.8544
-0.12652	-1.8563
-0.12899	-1.8606
-0.1306	-1.8634
-0.13288	-1.8682
-0.13468	-1.8719
-0.13675	-1.877
-0.13876	-1.8819
-0.14058	-1.887
-0.14285	-1.8934
-0.14439	-1.8983
-0.14693	-1.9064
-0.14816	-1.9106
-0.15101	-1.9207
-0.1519	-1.9241
-0.15509	-1.9365
-0.15562	-1.9387
-0.15917	-1.9537
-0.15931	-1.9543
-0.16055	-1.96
-0.16297	-1.9714
-0.16326	-1.9728
-0.1666	-1.9897
-0.16734	-1.9936
-0.17019	-2.009
-0.17142	-2.0159
-0.17377	-2.0293
-0.1755	-2.0397
-0.17731	-2.0506
-0.17958	-2.065
-0.18083	-2.073
-0.18366	-2.0918
-0.18433	-2.0963
-0.18775	-2.1201
-0.18781	-2.1205
-0.18815	-2.123
-0.19124	-2.1465
-0.19183	-2.1511
-0.19465	-2.1734
-0.19591	-2.1839
-0.19803	-2.2014
-0.19999	-2.2184
-0.20138	-2.2303
-0.20407	-2.2545
-0.20472	-2.2602
-0.20749	-2.286
-0.20803	-2.2912
-0.20816	-2.2926
-0.21129	-2.3241
-0.21224	-2.3342
-0.21452	-2.3579
-0.21632	-2.3777
-0.21773	-2.3928
-0.2204	-2.4231
-0.22091	-2.4287
-0.22266	-2.449
-0.22405	-2.4661
-0.22448	-2.4717
-0.22715	-2.5055
-0.22856	-2.5244
-0.23023	-2.5461
-0.23265	-2.5793
-0.23328	-2.5877
-0.23508	-2.613
-0.23628	-2.6311
-0.23673	-2.6385
-0.23921	-2.677
-0.24081	-2.7034
-0.24211	-2.7241
-0.24489	-2.7709
-0.24498	-2.7724
-0.24519	-2.776
-0.24775	-2.8249
-0.24897	-2.8499
-0.25047	-2.8792
-0.25306	-2.9332
-0.25316	-2.9351
-0.25334	-2.939
-0.25568	-2.9973
-0.25714	-3.0362
-0.25814	-3.0619
-0.25962	-3.102
-0.26047	-3.1321
-0.26122	-3.1606
-0.2626	-3.2106
-0.26401	-3.266
-0.26451	-3.2977
-0.2653	-3.3534
-0.26601	-3.4008
-0.26639	-3.429
-0.26661	-3.5397
-0.26667	-3.592
-0.2653	-3.7085
-0.26476	-3.756
-0.26122	-3.8962
-0.26066	-3.919
