-18.633	160
-0.18633	16
-0.18366	15.917
-0.18118	15.836
-0.17958	15.802
-0.17774	15.762
-0.1755	15.714
-0.17361	15.672
-0.17142	15.636
-0.16984	15.609
-0.16734	15.567
-0.16392	15.509
-0.16326	15.5
-0.1629	15.495
-0.15917	15.442
-0.15658	15.406
-0.15509	15.385
-0.15237	15.346
-0.15101	15.329
-0.15039	15.321
-0.14693	15.278
-0.14446	15.247
-0.14285	15.227
-0.1393	15.183
-0.13876	15.177
-0.13854	15.174
-0.13468	15.13
-0.13282	15.108
-0.1306	15.083
-0.12711	15.043
-0.12652	15.036
-0.12503	15.019
-0.12244	14.99
-0.12146	14.98
-0.11836	14.946
-0.11583	14.918
-0.11427	14.901
-0.11021	14.857
-0.11019	14.857
-0.11013	14.856
-0.10611	14.813
-0.10463	14.797
-0.10203	14.769
-0.099053	14.737
-0.09795	14.725
-0.094913	14.693
-0.09386	14.682
-0.09347	14.677
-0.08978	14.638
-0.087887	14.617
-0.0857	14.594
-0.08232	14.558
-0.08162	14.55
-0.079685	14.53
-0.07754	14.506
-0.076735	14.498
-0.07346	14.462
-0.071132	14.437
-0.06937	14.417
-0.065549	14.376
-0.06529	14.374
-0.064577	14.366
-0.06121	14.328
-0.059897	14.314
-0.05713	14.283
-0.05425	14.251
-0.05305	14.238
-0.049879	14.203
-0.04897	14.192
-0.0486	14.188
-0.04488	14.145
-0.042873	14.123
-0.0408	14.099
-0.037194	14.059
-0.03672	14.054
-0.035489	14.04
-0.03264	14.006
-0.03146	13.993
-0.02856	13.959
-0.025723	13.927
-0.02447	13.912
-0.021293	13.877
-0.02039	13.866
-0.020013	13.862
-0.01631	13.818
-0.014272	13.795
-0.01223	13.771
-0.0085927	13.731
-0.00815	13.726
-0.0069871	13.713
-0.00407	13.679
-0.0028792	13.666
2.0000e-05	13.632
0.002802	13.602
0.0041	13.587
0.0075891	13.55
0.00818	13.543
0.0084101	13.541
0.01226	13.498
0.014019	13.48
0.01634	13.455
0.019551	13.422
0.02043	13.413
0.02305	13.387
0.02451	13.372
0.025013	13.367
0.02859	13.331
0.030428	13.314
0.03267	13.292
0.035751	13.264
0.03675	13.255
0.040268	13.224
0.04083	13.219
0.040991	13.218
0.04492	13.183
0.046186	13.173
0.049	13.15
0.051282	13.132
0.05308	13.118
0.056295	13.095
0.05716	13.088
0.061229	13.06
0.06124	13.06
0.061298	13.06
0.06533	13.033
0.066125	13.028
0.06941	13.008
0.070934	12.999
0.07349	12.984
0.075671	12.973
0.07757	12.963
0.08034	12.949
0.08165	12.943
0.084943	12.928
0.08573	12.925
0.089494	12.91
0.08982	12.909
0.093115	12.897
0.0939	12.894
0.093977	12.894
0.09798	12.881
0.098408	12.88
0.10206	12.87
0.10278	12.868
0.10614	12.86
0.10711	12.858
0.11022	12.852
0.11138	12.851
0.11431	12.846
0.11561	12.845
0.11839	12.842
0.11979	12.841
0.12247	12.839
0.12392	12.839
0.12655	12.838
0.12801	12.839
0.13063	12.839
0.13206	12.84
0.13472	12.842
0.13608	12.843
0.1388	12.846
0.14004	12.847
0.14288	12.852
0.14397	12.853
0.14696	12.859
0.14786	12.861
0.15104	12.868
0.15171	12.87
0.15512	12.88
0.15553	12.881
0.15921	12.892
0.15932	12.893
0.16054	12.897
0.16307	12.906
0.16329	12.907
0.16678	12.921
0.16737	12.923
0.17046	12.937
0.17145	12.941
0.17411	12.954
0.17553	12.961
0.17772	12.973
0.17962	12.984
0.1813	12.993
0.1837	13.007
0.18485	13.014
0.18778	13.033
0.18836	13.037
0.19167	13.06
0.19183	13.061
0.19186	13.061
0.19527	13.087
0.19594	13.093
0.19867	13.114
0.20002	13.126
0.20204	13.143
0.20411	13.162
0.20537	13.173
0.20819	13.201
0.20866	13.205
0.21052	13.224
0.21189	13.239
0.21227	13.244
0.21504	13.276
0.21635	13.293
0.21815	13.315
0.22043	13.346
0.22121	13.356
0.22342	13.387
0.22418	13.401
0.22452	13.408
0.22694	13.453
0.2286	13.488
0.22963	13.509
0.23151	13.55
0.23206	13.575
0.23268	13.607
0.23388	13.665
0.23472	13.713
0.23281	13.872
0.23274	13.877
0.23268	13.878
0.2326	13.88
0.2286	13.97
0.22562	14.04
0.22452	14.055
0.22396	14.062
0.22043	14.11
0.21771	14.149
0.21635	14.167
0.21389	14.203
0.21227	14.22
0.21171	14.225
0.20819	14.262
0.20618	14.283
0.20411	14.305
0.20058	14.344
0.20002	14.35
0.19853	14.366
0.19594	14.389
0.1952	14.396
0.19186	14.426
0.18993	14.443
0.18778	14.463
0.18464	14.492
0.1837	14.501
0.18062	14.53
0.17962	14.538
0.17936	14.541
0.17553	14.572
0.17418	14.584
0.17145	14.607
0.16899	14.628
0.16737	14.642
0.16378	14.673
0.16329	14.678
0.16155	14.693
0.15921	14.712
0.1586	14.717
0.15512	14.746
0.15343	14.76
0.15104	14.78
0.14826	14.804
0.14696	14.815
0.14307	14.848
0.14288	14.85
0.14219	14.856
0.1388	14.885
0.13788	14.893
0.13472	14.92
0.13268	14.937
0.13063	14.955
0.12747	14.982
0.12655	14.99
0.12327	15.019
0.12247	15.026
0.12224	15.028
0.11839	15.063
0.11699	15.075
0.11431	15.099
0.11172	15.123
0.11022	15.136
0.10644	15.171
0.10614	15.174
0.10513	15.183
0.10206	15.212
0.1011	15.221
0.09798	15.251
0.095726	15.273
0.0939	15.291
0.090346	15.325
0.08982	15.33
0.088176	15.346
0.08573	15.371
0.084885	15.38
0.08165	15.413
0.079391	15.436
0.07757	15.455
0.073894	15.493
0.07349	15.497
0.072329	15.509
0.06941	15.541
0.068301	15.553
0.06533	15.586
0.062665	15.615
0.06124	15.631
0.057479	15.672
0.05716	15.676
0.057028	15.677
0.05308	15.724
0.051278	15.744
0.049	15.771
0.045546	15.811
0.04492	15.818
0.04336	15.836
0.04083	15.867
0.039716	15.881
0.03675	15.917
0.033872	15.952
0.03267	15.966
0.029832	16
2.9832	160
