0.4	-8.2737
0.39876	-8.2769
0.39595	-8.2838
0.39495	-8.287
0.39187	-8.2964
0.39118	-8.299
0.38779	-8.3113
0.38744	-8.3128
0.38413	-8.3268
0.38374	-8.328
0.38371	-8.3281
0.37998	-8.3411
0.37962	-8.3424
0.37626	-8.3555
0.37554	-8.3583
0.37257	-8.3712
0.37146	-8.3758
0.36891	-8.3879
0.36738	-8.395
0.36528	-8.4058
0.3633	-8.4157
0.36166	-8.4247
0.35921	-8.4379
0.35808	-8.4447
0.35513	-8.4616
0.35452	-8.4655
0.35105	-8.4867
0.35098	-8.4872
0.35054	-8.49
0.34737	-8.5059
0.34697	-8.5079
0.34376	-8.5249
0.34289	-8.5294
0.34017	-8.5445
0.33881	-8.5519
0.33659	-8.5648
0.33472	-8.5755
0.33303	-8.5858
0.33064	-8.6
0.32949	-8.6072
0.32656	-8.6253
0.32596	-8.6293
0.32248	-8.6515
0.32244	-8.6518
0.32221	-8.6533
0.31885	-8.6715
0.3184	-8.6739
0.31527	-8.6914
0.31432	-8.6967
0.3117	-8.7118
0.31023	-8.7201
0.30813	-8.7326
0.30615	-8.7442
0.30458	-8.7537
0.30207	-8.7688
0.30104	-8.7752
0.29799	-8.7939
0.2975	-8.797
0.29438	-8.8166
0.29397	-8.8188
0.29391	-8.8191
0.29037	-8.8386
0.28982	-8.8417
0.28679	-8.8587
0.28574	-8.8646
0.28322	-8.879
0.28166	-8.8879
0.27965	-8.8996
0.27758	-8.9116
0.2761	-8.9204
0.2735	-8.9357
0.27254	-8.9415
0.26942	-8.9601
0.26899	-8.9627
0.26617	-8.9798
0.26543	-8.9838
0.26533	-8.9844
0.26185	-9.0036
0.26125	-9.0069
0.25826	-9.0236
0.25717	-9.0298
0.25469	-9.0438
0.25309	-9.0529
0.25112	-9.0642
0.24901	-9.0763
0.24755	-9.0847
0.24492	-9.1
0.24398	-9.1055
0.24084	-9.1239
0.24042	-9.1263
0.23758	-9.1431
0.23686	-9.1471
0.23676	-9.1476
0.23328	-9.167
0.23268	-9.1705
0.2297	-9.1872
0.2286	-9.1935
0.22613	-9.2075
0.22452	-9.2168
0.22256	-9.2279
0.22043	-9.2404
0.21899	-9.2486
0.21635	-9.2641
0.21543	-9.2693
0.21227	-9.2879
0.21187	-9.2902
0.20915	-9.3063
0.20831	-9.3111
0.20819	-9.3118
0.20474	-9.3317
0.20411	-9.3355
0.20118	-9.3525
0.20002	-9.3595
0.19762	-9.3734
0.19594	-9.3837
0.19406	-9.3945
0.19186	-9.408
0.19052	-9.4158
0.18778	-9.4326
0.18697	-9.4372
0.1837	-9.4574
0.18343	-9.4589
0.18169	-9.4696
0.1799	-9.4807
0.17962	-9.4825
0.17636	-9.5026
0.17553	-9.5081
0.17283	-9.5248
0.17145	-9.534
0.16931	-9.5472
0.16737	-9.5601
0.16579	-9.5698
0.16329	-9.5866
0.16229	-9.5928
0.15921	-9.6134
0.15879	-9.616
0.15627	-9.6329
0.15529	-9.6396
0.15512	-9.6409
0.15181	-9.6638
0.15104	-9.6696
0.14834	-9.6882
0.14696	-9.6988
0.14488	-9.7131
0.14288	-9.7284
0.14144	-9.7384
0.1388	-9.7586
0.138	-9.7641
0.13472	-9.7894
0.13458	-9.7904
0.13384	-9.7961
0.13117	-9.8177
0.13063	-9.8226
0.12779	-9.8458
0.12655	-9.8571
0.12443	-9.8744
0.12247	-9.8924
0.12108	-9.9037
0.11839	-9.9286
0.11775	-9.9339
0.11501	-9.9594
0.11445	-9.965
0.11431	-9.9666
0.11119	-9.9981
0.11022	-10.009
0.10795	-10.032
0.10614	-10.053
0.10475	-10.067
0.10206	-10.099
0.10158	-10.104
0.099953	-10.123
0.098466	-10.142
0.09798	-10.15
0.095413	-10.183
0.0939	-10.206
0.092404	-10.226
0.08982	-10.266
0.089442	-10.271
0.088479	-10.286
0.086575	-10.32
0.08573	-10.337
0.083792	-10.372
0.08165	-10.416
0.081079	-10.426
0.080006	-10.449
0.078501	-10.486
0.07757	-10.512
0.076046	-10.551
0.07395	-10.612
0.073704	-10.621
0.07349	-10.629
0.07158	-10.699
0.069737	-10.776
0.069596	-10.783
0.06941	-10.794
0.067903	-10.879
0.06696	-10.939
0.066441	-10.983
0.06533	-11.092
0.065259	-11.099
0.065233	-11.102
0.064439	-11.23
0.064255	-11.266
0.063942	-11.374
0.063821	-11.429
0.063755	-11.529
0.063746	-11.592
0.063823	-11.695
0.06389	-11.755
0.064054	-11.867
0.064142	-11.918
0.064347	-12.043
0.064419	-12.082
0.064612	-12.216
0.064656	-12.245
0.064791	-12.387
0.064812	-12.408
0.064861	-12.553
0.064868	-12.572
0.064828	-12.715
0.064821	-12.735
0.064715	-12.873
0.064693	-12.898
0.064561	-13.03
0.064524	-13.061
0.064417	-13.188
0.064376	-13.225
0.064355	-13.349
0.064334	-13.388
0.064483	-13.517
0.064507	-13.551
0.064995	-13.701
0.065031	-13.714
0.06533	-13.761
0.066087	-13.878
0.066717	-13.933
0.067881	-14.041
0.06941	-14.131
0.070697	-14.204
0.07349	-14.315
0.074884	-14.367
0.07757	-14.442
0.080928	-14.531
0.08165	-14.546
0.082372	-14.56
0.08573	-14.627
0.089278	-14.694
0.08982	-14.702
0.090145	-14.707
0.0939	-14.764
0.096583	-14.801
0.09798	-14.822
0.10053	-14.857
0.10206	-14.875
0.10268	-14.882
0.10614	-14.922
0.10836	-14.946
0.11022	-14.967
0.11398	-15.007
0.11431	-15.011
0.11521	-15.02
0.11839	-15.05
0.11933	-15.058
0.12247	-15.087
0.12458	-15.105
0.12655	-15.123
0.12979	-15.15
0.13063	-15.158
0.1337	-15.184
0.13472	-15.192
0.13496	-15.194
0.1388	-15.223
0.14	-15.232
0.14288	-15.254
0.14501	-15.269
0.14696	-15.284
0.15001	-15.306
0.15104	-15.314
0.155	-15.342
0.15512	-15.343
0.15568	-15.347
0.15921	-15.371
0.15992	-15.375
0.16329	-15.398
0.16481	-15.408
0.16737	-15.425
0.16968	-15.439
0.17145	-15.451
0.17455	-15.471
0.17553	-15.477
0.17942	-15.502
0.17962	-15.503
0.18067	-15.51
0.1837	-15.529
0.18425	-15.532
0.18778	-15.554
0.18906	-15.561
0.19186	-15.579
0.19387	-15.59
0.19594	-15.603
0.19867	-15.619
0.20002	-15.627
0.20348	-15.648
0.20411	-15.652
0.20777	-15.673
0.20819	-15.676
0.20826	-15.676
0.21227	-15.7
0.21304	-15.704
0.21635	-15.724
0.21782	-15.732
0.22043	-15.747
0.22259	-15.76
0.22452	-15.771
0.22736	-15.787
0.2286	-15.794
0.23211	-15.814
0.23268	-15.818
0.23615	-15.837
0.23676	-15.841
0.23687	-15.841
0.24084	-15.865
0.24165	-15.869
0.24492	-15.888
0.24643	-15.897
0.24901	-15.912
0.2512	-15.925
0.25309	-15.936
0.25596	-15.952
0.25717	-15.959
0.26071	-15.978
0.26125	-15.981
0.26462	-16
26.462	-16
