0.4	11.243
0.39653	11.241
0.39595	11.24
0.39254	11.237
0.39187	11.237
0.38856	11.233
0.38779	11.233
0.38459	11.229
0.38371	11.228
0.38062	11.224
0.37962	11.223
0.37667	11.219
0.37554	11.217
0.37274	11.213
0.37146	11.211
0.36882	11.206
0.36738	11.204
0.36491	11.2
0.3633	11.197
0.36101	11.192
0.35921	11.189
0.35712	11.185
0.35513	11.18
0.35324	11.176
0.35105	11.172
0.34938	11.168
0.34697	11.162
0.34552	11.159
0.34289	11.152
0.34168	11.149
0.33881	11.142
0.33784	11.14
0.33472	11.131
0.33401	11.129
0.33064	11.12
0.3302	11.119
0.32656	11.108
0.32639	11.108
0.32409	11.101
0.32258	11.097
0.32248	11.097
0.31878	11.086
0.3184	11.085
0.31497	11.075
0.31432	11.073
0.31117	11.063
0.31023	11.06
0.30739	11.052
0.30615	11.048
0.30361	11.04
0.30207	11.034
0.29984	11.027
0.29799	11.021
0.29607	11.015
0.29391	11.007
0.29231	11.002
0.28982	10.993
0.28855	10.989
0.28574	10.979
0.28481	10.975
0.28166	10.964
0.28107	10.962
0.27758	10.949
0.27733	10.948
0.27469	10.938
0.2736	10.934
0.2735	10.934
0.26986	10.92
0.26942	10.919
0.26612	10.907
0.26533	10.904
0.26239	10.893
0.26125	10.888
0.25866	10.878
0.25717	10.872
0.25494	10.864
0.25309	10.856
0.25123	10.849
0.24901	10.84
0.24751	10.835
0.24492	10.824
0.2438	10.82
0.24084	10.807
0.2401	10.805
0.23676	10.791
0.2364	10.789
0.23294	10.775
0.2327	10.774
0.23268	10.774
0.229	10.759
0.2286	10.757
0.22531	10.743
0.22452	10.74
0.22161	10.728
0.22043	10.722
0.21792	10.712
0.21635	10.705
0.21424	10.696
0.21227	10.687
0.21056	10.68
0.20819	10.669
0.20688	10.664
0.20411	10.651
0.2032	10.647
0.20002	10.633
0.19953	10.631
0.19594	10.614
0.19586	10.614
0.19518	10.611
0.19221	10.597
0.19186	10.595
0.18856	10.58
0.18778	10.576
0.18491	10.563
0.1837	10.556
0.18127	10.545
0.17962	10.537
0.17763	10.527
0.17553	10.517
0.17399	10.509
0.17145	10.496
0.17036	10.491
0.16737	10.476
0.16674	10.473
0.16329	10.455
0.16312	10.455
0.16183	10.448
0.15953	10.435
0.15921	10.433
0.15593	10.416
0.15512	10.411
0.15235	10.396
0.15104	10.387
0.14878	10.375
0.14696	10.364
0.14522	10.355
0.14288	10.34
0.14166	10.334
0.1388	10.316
0.13812	10.312
0.13472	10.291
0.13458	10.291
0.13368	10.285
0.13108	10.267
0.13063	10.263
0.12761	10.243
0.12655	10.234
0.12415	10.218
0.12247	10.204
0.12071	10.192
0.11839	10.173
0.11729	10.166
0.11431	10.142
0.11388	10.139
0.11178	10.122
0.11052	10.11
0.11022	10.106
0.10725	10.077
0.10614	10.065
0.10401	10.044
0.10206	10.021
0.1008	10.009
0.09798	9.9754
0.097633	9.9719
0.096463	9.958
0.094632	9.9288
0.0939	9.9149
0.091771	9.8801
0.08982	9.842
0.088991	9.828
0.087356	9.795
0.086475	9.7653
0.08573	9.7344
0.084387	9.6856
0.0832	9.632
0.082959	9.5797
0.082733	9.469
0.083866	9.3799
0.084886	9.305
0.08573	9.2719
0.088797	9.142
0.08982	9.1109
0.093877	8.979
0.0939	8.9784
0.093951	8.977
0.09798	8.8654
0.099672	8.816
0.10206	8.7551
0.10592	8.652
0.10614	8.6466
0.10651	8.6372
0.11022	8.5435
0.1123	8.489
0.11431	8.4389
0.11783	8.3484
0.11839	8.3341
0.1187	8.326
0.12247	8.2292
0.12502	8.162
0.12655	8.1219
0.12961	8.0399
0.13063	8.0126
0.13113	7.999
0.13472	7.9005
0.13703	7.836
0.1388	7.7859
0.14272	7.673
0.14288	7.6685
0.1433	7.6561
0.14696	7.5486
0.14829	7.509
0.15104	7.4271
0.15372	7.346
0.15512	7.3047
0.15917	7.183
0.15921	7.1818
0.15932	7.1784
0.16329	7.063
0.16475	7.02
0.16737	6.9477
0.17066	6.856
0.17145	6.8358
0.17287	6.7992
0.17553	6.7311
0.177	6.693
0.17962	6.6327
0.18323	6.5486
0.1837	6.5378
0.18404	6.53
0.18778	6.4535
0.19173	6.3723
0.19186	6.3696
0.19199	6.367
0.19594	6.2965
0.1991	6.2402
0.20002	6.2237
0.20118	6.203
0.20411	6.158
0.20594	6.1299
0.20819	6.0954
0.21182	6.04
0.21227	6.034
0.21249	6.031
0.21635	5.9804
0.21857	5.9515
0.22043	5.9272
0.2243	5.877
0.22452	5.8746
0.2246	5.8736
0.2286	5.829
0.23026	5.8106
0.23268	5.7839
0.23589	5.7488
0.23676	5.7393
0.2391	5.714
0.24084	5.6974
0.24138	5.6924
0.24492	5.6592
0.2467	5.6428
0.24901	5.6213
0.25199	5.5943
0.25309	5.5842
0.25691	5.55
0.25717	5.5479
0.25723	5.5474
0.26125	5.5158
0.26231	5.5077
0.26533	5.4843
0.26736	5.4689
0.26942	5.4533
0.27239	5.4313
0.2735	5.423
0.27738	5.3949
0.27758	5.3934
0.27848	5.387
0.28166	5.3664
0.28227	5.3626
0.28574	5.3405
0.28711	5.3322
0.28982	5.3153
0.29193	5.3028
0.29391	5.2908
0.29673	5.2744
0.29799	5.2669
0.30149	5.2471
0.30207	5.2438
0.30566	5.224
0.30615	5.2215
0.30622	5.2211
0.31023	5.201
0.31088	5.198
0.31432	5.1812
0.31553	5.1757
0.3184	5.1622
0.32014	5.1545
0.32248	5.1438
0.32473	5.1342
0.32656	5.1261
0.32929	5.1149
0.33064	5.1091
0.33383	5.0965
0.33472	5.0929
0.33836	5.079
0.33881	5.0773
0.34285	5.0625
0.34289	5.0624
0.34329	5.061
0.34697	5.0486
0.3473	5.0476
0.35105	5.0356
0.35173	5.0336
0.35513	5.0233
0.35614	5.0205
0.35921	5.0116
0.36053	5.0083
0.3633	5.0007
0.3649	4.9968
0.36738	4.9904
0.36924	4.9862
0.37146	4.9809
0.37356	4.9764
0.37554	4.972
0.37787	4.9675
0.37962	4.9638
0.38216	4.9593
0.38371	4.9562
0.38643	4.9518
0.38779	4.9494
0.39067	4.9451
0.39187	4.9432
0.3949	4.9392
0.39595	4.9376
0.39909	4.934
0.4	4.9327
