-35.175	160
-0.35175	16
-0.35102	15.992
-0.35072	15.988
-0.34694	15.942
-0.34484	15.916
-0.34286	15.891
-0.33881	15.838
-0.33877	15.837
-0.33868	15.836
-0.33469	15.792
-0.33319	15.776
-0.33061	15.746
-0.32748	15.71
-0.32653	15.699
-0.32427	15.672
-0.32245	15.654
-0.32182	15.647
-0.31836	15.611
-0.31628	15.589
-0.31428	15.567
-0.31067	15.528
-0.3102	15.523
-0.30898	15.509
-0.30612	15.481
-0.30518	15.471
-0.30204	15.44
-0.2997	15.416
-0.29796	15.398
-0.29417	15.358
-0.29387	15.355
-0.29306	15.346
-0.28979	15.314
-0.28873	15.304
-0.28571	15.274
-0.28329	15.249
-0.28163	15.232
-0.27781	15.194
-0.27755	15.191
-0.2768	15.183
-0.27346	15.15
-0.27238	15.14
-0.26938	15.11
-0.26696	15.086
-0.2653	15.069
-0.26151	15.031
-0.26122	15.028
-0.26037	15.019
-0.25714	14.987
-0.25607	14.976
-0.25306	14.946
-0.2506	14.921
-0.24897	14.904
-0.24512	14.865
-0.24489	14.863
-0.24421	14.856
-0.24081	14.821
-0.23963	14.809
-0.23673	14.779
-0.23412	14.752
-0.23265	14.736
-0.22859	14.694
-0.22856	14.694
-0.22848	14.693
-0.22448	14.65
-0.22301	14.634
-0.2204	14.606
-0.21742	14.574
-0.21632	14.562
-0.21337	14.53
-0.21224	14.517
-0.2118	14.512
-0.20816	14.471
-0.2061	14.448
-0.20407	14.424
-0.2004	14.383
-0.19999	14.378
-0.19895	14.366
-0.19591	14.329
-0.19459	14.313
-0.19183	14.28
-0.18873	14.242
-0.18775	14.23
-0.18551	14.203
-0.18366	14.179
-0.18276	14.167
-0.17958	14.125
-0.1767	14.088
-0.1755	14.072
-0.17303	14.04
-0.17142	14.017
-0.17054	14.005
-0.16734	13.959
-0.16422	13.916
-0.16326	13.902
-0.16149	13.877
-0.15917	13.841
-0.15773	13.819
-0.15509	13.778
-0.15114	13.718
-0.15101	13.716
-0.1508	13.713
-0.14693	13.648
-0.14415	13.602
-0.14285	13.58
-0.14101	13.55
-0.13876	13.509
-0.13691	13.476
-0.13468	13.436
-0.13194	13.387
-0.1306	13.361
-0.12935	13.337
-0.12652	13.282
-0.12345	13.224
-0.12244	13.203
-0.1214	13.182
-0.11836	13.12
-0.11536	13.06
-0.11427	13.037
-0.11303	13.011
-0.11019	12.95
-0.10762	12.897
-0.10611	12.864
-0.10433	12.826
-0.10203	12.776
-0.10003	12.734
-0.09795	12.688
-0.095525	12.637
-0.09386	12.601
-0.092383	12.57
-0.08978	12.514
-0.086869	12.454
-0.0857	12.429
-0.084613	12.407
-0.08162	12.345
-0.078555	12.285
-0.07754	12.264
-0.076501	12.244
-0.07346	12.185
-0.070681	12.133
-0.06937	12.108
-0.067854	12.081
-0.06529	12.035
-0.063284	12
-0.06121	11.964
-0.05838	11.917
-0.05713	11.896
-0.056283	11.883
-0.05305	11.831
-0.049618	11.78
-0.04897	11.77
-0.047875	11.754
-0.04488	11.711
-0.043254	11.689
-0.0408	11.655
-0.037148	11.608
-0.03672	11.602
-0.035797	11.591
-0.03264	11.552
-0.031289	11.537
-0.02856	11.505
-0.02561	11.473
-0.02447	11.461
-0.02126	11.428
-0.02039	11.419
-0.020105	11.417
-0.01631	11.38
-0.014784	11.367
-0.01223	11.343
-0.0095915	11.322
-0.00815	11.309
-0.0045138	11.282
-0.00407	11.278
-0.0020809	11.264
2.0000e-05	11.249
0.00046641	11.246
0.0041	11.222
0.0053333	11.215
0.00818	11.197
0.010113	11.187
0.01226	11.174
0.014814	11.162
0.01634	11.154
0.019451	11.14
0.02043	11.135
0.024018	11.121
0.02451	11.118
0.028523	11.104
0.02859	11.103
0.029315	11.101
0.03267	11.09
0.032969	11.089
0.03675	11.078
0.037365	11.076
0.04083	11.067
0.041717	11.066
0.04492	11.058
0.046034	11.057
0.049	11.05
0.050304	11.049
0.05308	11.044
0.054539	11.043
0.05716	11.039
0.058742	11.038
0.06124	11.035
0.062919	11.034
0.06533	11.032
0.06707	11.031
0.06941	11.03
0.07119	11.03
0.07349	11.029
0.075286	11.029
0.07757	11.028
0.07936	11.029
0.08165	11.029
0.083414	11.031
0.08573	11.031
0.087453	11.032
0.08982	11.033
0.091475	11.035
0.0939	11.036
0.095475	11.038
0.09798	11.04
0.09946	11.042
0.10206	11.044
0.10343	11.046
0.10614	11.049
0.10739	11.051
0.11022	11.055
0.11133	11.057
0.11431	11.061
0.11527	11.063
0.11839	11.067
0.11919	11.069
0.12247	11.075
0.1231	11.076
0.12655	11.082
0.12699	11.083
0.13063	11.09
0.13088	11.091
0.13472	11.099
0.13477	11.099
0.13572	11.101
0.13864	11.108
0.1388	11.108
0.14249	11.117
0.14288	11.117
0.14634	11.126
0.14696	11.127
0.15018	11.136
0.15104	11.137
0.15401	11.145
0.15512	11.148
0.15784	11.156
0.15921	11.159
0.16166	11.166
0.16329	11.171
0.16547	11.177
0.16737	11.182
0.16927	11.188
0.17145	11.194
0.17307	11.199
0.17553	11.207
0.17686	11.211
0.17962	11.219
0.18065	11.223
0.1837	11.232
0.18444	11.235
0.18778	11.245
0.18821	11.247
0.19186	11.259
0.19198	11.259
0.19346	11.264
0.19574	11.272
0.19594	11.273
0.19949	11.285
0.20002	11.287
0.20324	11.299
0.20411	11.302
0.20698	11.313
0.20819	11.317
0.21072	11.326
0.21227	11.332
0.21445	11.34
0.21635	11.347
0.21818	11.355
0.22043	11.363
0.2219	11.369
0.22452	11.379
0.22563	11.383
0.2286	11.395
0.22935	11.398
0.23268	11.411
0.23307	11.412
0.23676	11.427
0.23679	11.427
0.23705	11.428
0.24047	11.443
0.24084	11.444
0.24416	11.459
0.24492	11.462
0.24784	11.474
0.24901	11.48
0.25153	11.49
0.25309	11.497
0.2552	11.507
0.25717	11.515
0.25888	11.523
0.26125	11.533
0.26256	11.539
0.26533	11.551
0.26624	11.555
0.26942	11.569
0.26993	11.571
0.2735	11.586
0.27361	11.587
0.27458	11.591
0.27726	11.604
0.27758	11.605
0.28091	11.621
0.28166	11.625
0.28456	11.638
0.28574	11.644
0.28821	11.655
0.28982	11.663
0.29186	11.673
0.29391	11.682
0.29552	11.689
0.29799	11.701
0.29918	11.706
0.30207	11.719
0.30285	11.723
0.30615	11.738
0.30652	11.739
0.30984	11.754
0.31019	11.756
0.31023	11.756
0.31384	11.773
0.31432	11.776
0.31749	11.791
0.3184	11.795
0.32114	11.808
0.32248	11.814
0.3248	11.824
0.32656	11.832
0.32847	11.841
0.33064	11.85
0.33215	11.857
0.33472	11.868
0.33584	11.872
0.33881	11.885
0.33955	11.887
0.34289	11.901
0.34326	11.902
0.34697	11.916
0.34698	11.916
0.34715	11.917
0.35069	11.931
0.35105	11.933
0.35441	11.946
0.35513	11.949
0.35814	11.96
0.35921	11.964
0.3619	11.973
0.3633	11.978
0.36567	11.986
0.36738	11.992
0.36945	11.998
0.37146	12.004
0.37326	12.009
0.37554	12.015
0.37708	12.019
0.37962	12.026
0.38093	12.029
0.38371	12.035
0.3848	12.037
0.38779	12.043
0.38869	12.045
0.39187	12.051
0.3926	12.052
0.39595	12.057
0.39653	12.058
0.4	12.062
40	120.62
