-1.173183	-2.490644
-1.173471	-2.470646
-1.173976	-2.450652
-1.174674	-2.430664
-1.175548	-2.410683
-1.176578	-2.39071
-1.177744	-2.370744
-1.179025	-2.350785
-1.1804	-2.330832
-1.18185	-2.310885
-1.183353	-2.290942
-1.18489	-2.271001
-1.186441	-2.251061
-1.187987	-2.231121
-1.189507	-2.211179
-1.190983	-2.191234
-1.192396	-2.171284
-1.193728	-2.151328
-1.19496	-2.131366
-1.196074	-2.111397
-1.197053	-2.091421
-1.197879	-2.071438
-1.198535	-2.051449
-1.199003	-2.031454
-1.199268	-2.011456
-1.199312	-1.991456
-1.199119	-1.971457
-1.198673	-1.951462
-1.197958	-1.931475
-1.196957	-1.9115
-1.195655	-1.891542
-1.194037	-1.871608
-1.192086	-1.851703
-1.189788	-1.831835
-1.187128	-1.812013
-1.184091	-1.792245
-1.180662	-1.772541
-1.176827	-1.752912
-1.172572	-1.73337
-1.167885	-1.713927
-1.162752	-1.694597
-1.157162	-1.675394
-1.151103	-1.656334
-1.144564	-1.637433
-1.137537	-1.618708
-1.130012	-1.600177
-1.121983	-1.581859
-1.113444	-1.563773
-1.104391	-1.545939
-1.094822	-1.528377
-1.084735	-1.511107
-1.074132	-1.494149
-1.063016	-1.477522
-1.051393	-1.461246
-1.039269	-1.445339
-1.026654	-1.429819
-1.01356	-1.414701
-1	-1.4
-0.9864398	-1.385299
-0.972444	-1.371012
-0.9580276	-1.35715
-0.943207	-1.343721
-0.9279999	-1.330731
-0.9124248	-1.318184
-0.8965011	-1.306083
-0.8802487	-1.294427
-0.8636879	-1.283214
-0.8468389	-1.272438
-0.829722	-1.262093
-0.812357	-1.25217
-0.7947634	-1.242659
-0.7769601	-1.233546
-0.7589652	-1.224818
-0.740796	-1.216458
-0.722469	-1.20845
-0.7039998	-1.200776
-0.685403	-1.193417
-0.6666924	-1.186352
-0.6478808	-1.179561
-0.6289802	-1.173021
-0.6100019	-1.16671
-0.5909564	-1.160605
-0.5718536	-1.154682
-0.5527029	-1.148916
-0.5335132	-1.143281
-0.5142933	-1.13775
-0.4950517	-1.132295
-0.4757969	-1.126886
-0.4565378	-1.121493
-0.4372838	-1.116082
-0.4180449	-1.110617
-0.3988324	-1.10506
-0.3796594	-1.099368
-0.3605411	-1.093495
-0.341496	-1.087389
-0.3225468	-1.080991
-0.3037221	-1.074236
-0.2850582	-1.067049
-0.2666019	-1.059344
-0.2484142	-1.051025
-0.2305745	-1.041984
-0.2131861	-1.032103
-0.1963815	-1.021258
-0.1803252	-1.009333
-0.1652108	-0.996235
-0.151246	-0.9819177
-0.1386218	-0.9664055
-0.1274708	-0.9498026
-0.1178325	-0.9322782
-0.1096442	-0.9140312
-0.102763	-0.8952522
-0.09700381	-0.8760993
-0.09217388	-0.8566913
-0.08809521	-0.8371116
-0.08461432	-0.8174168
-0.08160441	-0.7976446
-0.07896304	-0.7778198
-0.07660878	-0.7579588
-0.07447718	-0.7380727
-0.07251756	-0.7181689
-0.07069	-0.6982526
-0.06896308	-0.6783273
-0.06731207	-0.6583956
-0.06571741	-0.6384593
-0.06416369	-0.6185197
-0.06263866	-0.5985779
-0.06113259	-0.5786347
-0.05963776	-0.5586906
-0.05814799	-0.5387462
-0.05665838	-0.5188018
-0.05516502	-0.4988576
-0.05366479	-0.478914
-0.05215516	-0.458971
-0.0506342	-0.4390289
-0.04910032	-0.4190878
-0.04755227	-0.3991478
-0.0459891	-0.379209
-0.04441005	-0.3592714
-0.0428146	-0.3393351
-0.04120233	-0.3194002
-0.03957296	-0.2994667
-0.03792633	-0.2795346
-0.03626235	-0.2596039
-0.034581	-0.2396747
-0.03288236	-0.219747
-0.03116654	-0.1998207
-0.02943371	-0.1798959
-0.0276841	-0.1599726
-0.02591796	-0.1400507
-0.02413561	-0.1201303
-0.02233736	-0.1002113
-0.02052357	-0.08029372
-0.01869465	-0.06037751
-0.01685102	-0.04046267
-0.01499313	-0.02054916
-0.01312146	-0.00063694
-0.01123652	0.01927405
-0.009338825	0.0391838
-0.007428918	0.05909241
-0.005507386	0.07899988
-0.003574833	0.09890629
-0.001631874	0.1188117
0.000320855	0.1387161
0.002282681	0.1586196
0.004252915	0.1785223
0.006230857	0.1984243
0.008215781	0.2183256
0.01020694	0.2382262
0.01220358	0.2581263
0.0142049	0.2780259
0.01621012	0.2979251
0.0182184	0.317824
0.02022892	0.3377227
0.02224082	0.3576212
0.02425324	0.3775197
0.02626529	0.3974182
0.02827609	0.4173169
0.03028474	0.4372158
0.0322903	0.457115
0.03429186	0.4770146
0.03628847	0.4969147
0.03827919	0.5168154
0.04026307	0.5367168
0.04223916	0.5566189
0.04420649	0.5765219
0.0461641	0.5964259
0.04811102	0.6163309
0.0500463	0.636237
0.05196898	0.6561444
0.05387809	0.6760531
0.05577268	0.6959632
0.05765183	0.7158747
0.05951459	0.7357878
0.06136002	0.7557025
0.06318725	0.7756189
0.06499536	0.795537
0.06678348	0.8154569
0.06855078	0.8353787
0.07029637	0.8553024
0.07201947	0.875228
0.0737193	0.8951556
0.07539506	0.9150853
0.07704606	0.935017
0.07867156	0.9549508
0.08027091	0.9748867
0.08184347	0.9948248
0.08338864	1.014765
0.08490587	1.034707
0.0863946	1.054652
0.08785437	1.074599
0.08928475	1.094548
0.09068533	1.114499
0.0920557	1.134452
0.09339559	1.154407
0.09470477	1.174364
0.09598294	1.194323
0.09722993	1.214284
0.09844566	1.234247
0.09962995	1.254212
0.1007828	1.274179
0.1019043	1.294148
0.1029944	1.314118
0.1040532	1.33409
0.1050808	1.354064
0.1060774	1.374039
0.1070433	1.394016
0.1079787	1.413994
0.1088838	1.433974
0.109759	1.453955
0.1106047	1.473937
0.1114212	1.49392
0.112209	1.513904
0.1129685	1.53389
0.1137002	1.553877
0.1144046	1.573865
0.1150823	1.593854
0.1157338	1.613843
0.1163595	1.633833
0.1169602	1.653824
0.1175364	1.673816
0.1180887	1.693808
0.1186177	1.713801
0.119124	1.733795
0.1196082	1.753789
0.1200709	1.773784
0.1205128	1.793779
0.1209345	1.813775
0.1213366	1.833771
0.1217196	1.853767
0.1220842	1.873764
0.1224309	1.893761
0.1227604	1.913758
0.1230733	1.933756
0.12337	1.953754
0.1236511	1.973752
0.1239171	1.99375
0.1241686	2.013748
0.124406	2.033747
