2.921954	-0.0751162
2.922636	-0.05512785
2.923065	-0.03513244
2.923239	-0.0151332
2.923157	0.00486664
2.922819	0.02486377
2.922223	0.04485487
2.921368	0.06483658
2.920252	0.08480546
2.918875	0.104758
2.917235	0.1246907
2.915331	0.1445999
2.913162	0.1644819
2.910726	0.184333
2.908022	0.2041494
2.905049	0.2239272
2.901806	0.2436624
2.898291	0.263351
2.894502	0.2829888
2.890439	0.3025717
2.8861	0.3220953
2.881483	0.3415551
2.876587	0.3609467
2.871411	0.3802654
2.865954	0.3995065
2.860214	0.4186651
2.85419	0.4377362
2.84788	0.4567148
2.841283	0.4755956
2.834398	0.4943732
2.827223	0.513042
2.819757	0.5315964
2.811999	0.5500306
2.803948	0.5683386
2.795602	0.5865142
2.786961	0.604551
2.778023	0.6224426
2.768787	0.6401823
2.759252	0.6577632
2.749418	0.6751783
2.739283	0.6924204
2.728847	0.709482
2.71811	0.7263556
2.707071	0.7430333
2.69573	0.7595072
2.684088	0.7757693
2.672144	0.7918112
2.659899	0.8076246
2.647354	0.8232008
2.63451	0.8385312
2.621368	0.8536071
2.607929	0.8684195
2.594196	0.8829595
2.580171	0.8972181
2.565857	0.9111864
2.551257	0.9248554
2.536375	0.9382164
2.521214	0.9512605
2.505779	0.963979
2.490075	0.9763634
2.474107	0.9884054
2.45788	1.000097
2.441401	1.01143
2.424677	1.022398
2.407714	1.032993
2.39052	1.043209
2.373103	1.053039
2.355471	1.062478
2.337632	1.07152
2.319595	1.080161
2.301369	1.088396
2.282964	1.096222
2.264389	1.103636
2.245653	1.110635
2.226767	1.117217
2.20774	1.12338
2.188583	1.129124
2.169305	1.134448
2.149916	1.139353
2.130426	1.143839
2.110844	1.147907
2.09118	1.151559
2.071444	1.154797
2.051645	1.157624
2.031792	1.160042
2.011893	1.162054
1.991958	1.163664
1.971995	1.164876
1.952012	1.165694
1.932017	1.166122
1.912017	1.166165
1.89202	1.165827
1.872033	1.165113
1.852062	1.164028
1.832115	1.162577
1.812197	1.160765
1.792315	1.158598
1.772474	1.156081
1.75268	1.153219
1.732938	1.150018
1.713253	1.146483
1.69363	1.14262
1.674073	1.138434
1.654586	1.133932
1.635174	1.129118
1.61584	1.123999
1.596588	1.11858
1.577421	1.112867
1.558343	1.106865
1.539356	1.100581
1.520463	1.09402
1.501666	1.087188
1.482968	1.080091
1.46437	1.072734
1.445874	1.065124
1.427482	1.057267
1.409195	1.049169
1.391014	1.040836
1.372939	1.032274
1.354971	1.023489
1.337111	1.014488
1.319358	1.005278
1.301712	0.9958643
1.284172	0.9862544
1.266737	0.9764548
1.249406	0.9664725
1.232178	0.9563145
1.21505	0.945988
1.19802	0.9355003
1.181086	0.9248589
1.164245	0.9140715
1.147493	0.9031459
1.130827	0.8920902
1.114242	0.8809126
1.097734	0.8696216
1.081298	0.8582259
1.064929	0.8467344
1.048621	0.8351564
1.032368	0.8235014
1.016163	0.8117792
1	0.8
0.9838368	0.7882208
0.9677072	0.7763956
0.9516035	0.7645352
0.9355177	0.7526505
0.9194414	0.7407529
0.903366	0.7288541
0.8872826	0.7169661
0.8711821	0.7051013
0.8550552	0.6932724
0.8388926	0.6814923
0.822685	0.6697742
0.8064232	0.6581314
0.7900982	0.6465774
0.7737014	0.6351256
0.7572246	0.6237892
0.7406602	0.6125812
0.7240014	0.601514
0.7072422	0.5905994
0.6903777	0.5798482
0.6734041	0.5692701
0.6563189	0.5588732
0.6391209	0.548664
0.6218103	0.5386469
0.6043887	0.528824
0.5868592	0.519195
0.5692262	0.5097569
0.5514954	0.5005038
0.5336738	0.4914269
0.5157694	0.4825144
0.4977912	0.4737518
0.4797491	0.4651215
0.4616538	0.4566033
0.4435167	0.4481744
0.42535	0.4398096
0.4071664	0.4314816
0.3889795	0.4231608
0.3708036	0.4148158
0.3526542	0.4064135
0.3345478	0.397919
0.3165024	0.3892957
0.2985378	0.3805053
0.280676	0.3715078
0.2629417	0.3622614
0.2453631	0.3527224
0.2279722	0.3428453
0.2108061	0.3325825
0.1939076	0.3218848
0.1773264	0.3107016
0.1611201	0.2989817
0.1453551	0.2866746
0.1301072	0.2737324
0.1154613	0.2601126
0.1015101	0.2457821
0.08835104	0.2307209
0.076081	0.214927
0.06478899	0.1984197
0.05454747	0.1812409
0.04540404	0.1634533
0.03737546	0.1451355
0.0304459	0.1263743
0.02456972	0.107257
0.01967785	0.08786449
0.01568598	0.06826691
0.01250246	0.04852191
0.0100349	0.02867471
0.008194756	0.00875955
0.006900179	-0.01119851
0.006077389	-0.03118157
0.005661054	-0.05117724
0.005594038	-0.07117713
0.005826771	-0.09117577
0.006316525	-0.1111698
0.00702657	-0.1311572
0.007925416	-0.151137
0.008986084	-0.1711089
0.01018545	-0.1910729
0.0115037	-0.2110294
0.01292383	-0.2309789
0.01443124	-0.250922
0.01601332	-0.2708593
0.01765921	-0.2907915
0.01935952	-0.3107191
0.02110607	-0.3306427
0.02289176	-0.3505628
0.02471037	-0.3704799
0.02655647	-0.3903945
0.02842522	-0.410307
0.03031239	-0.4302178
0.03221418	-0.4501272
0.03412721	-0.4700355
0.03604844	-0.489943
0.0379751	-0.50985
0.03990472	-0.5297567
0.04183498	-0.5496633
0.04376378	-0.5695701
0.04568918	-0.5894772
0.04760938	-0.6093848
0.04952268	-0.6292931
0.0514275	-0.6492022
0.05332235	-0.6691122
0.05520579	-0.6890233
0.05707649	-0.7089356
0.05893319	-0.7288492
0.06077465	-0.7487642
0.06259972	-0.7686808
0.06440727	-0.7885989
0.06619622	-0.8085187
0.0679656	-0.8284403
0.06971436	-0.8483637
0.0714416	-0.868289
0.07314642	-0.8882162
0.07482796	-0.9081454
0.0764854	-0.9280766
0.07811795	-0.9480099
0.07972486	-0.9679452
0.08130547	-0.9878826
0.08285914	-1.007822
0.08438521	-1.027764
0.08588315	-1.047708
0.08735243	-1.067654
0.08879255	-1.087602
0.09020308	-1.107552
0.09158364	-1.127504
0.09293386	-1.147458
0.09425351	-1.167414
0.09554228	-1.187372
0.09679998	-1.207332
0.09802643	-1.227294
0.09922157	-1.247258
0.1003853	-1.267224
0.1015176	-1.287192
0.1026185	-1.307162
0.1036881	-1.327133
0.1047265	-1.347106
0.1057339	-1.367081
0.1067104	-1.387057
0.1076563	-1.407035
0.1085719	-1.427014
0.1094575	-1.446994
0.1103134	-1.466976
