2.906217	0.3642179
2.909678	0.3445197
2.912939	0.3247873
2.916	0.3050229
2.918861	0.2852286
2.921522	0.2654065
2.923984	0.2455586
2.926246	0.2256869
2.928308	0.2057935
2.930171	0.1858804
2.931833	0.1659496
2.933295	0.1460031
2.934556	0.1260429
2.935616	0.106071
2.936474	0.08608941
2.937129	0.06610014
2.937581	0.04610525
2.937829	0.02610679
2.937872	0.00610683
2.93771	-0.01389251
2.937341	-0.0338891
2.936765	-0.05388079
2.93598	-0.07386538
2.934986	-0.09384064
2.933781	-0.1138043
2.932364	-0.1337541
2.930734	-0.1536876
2.92889	-0.1736024
2.926831	-0.1934961
2.924555	-0.2133662
2.922062	-0.2332102
2.919349	-0.2530254
2.916416	-0.2728092
2.913261	-0.2925588
2.909883	-0.3122715
2.90628	-0.3319444
2.902452	-0.3515746
2.898396	-0.371159
2.894111	-0.3906946
2.889596	-0.4101782
2.884849	-0.4296066
2.879868	-0.4489765
2.874652	-0.4682843
2.869199	-0.4875266
2.863507	-0.5066997
2.857575	-0.5257998
2.851401	-0.544823
2.844983	-0.5637653
2.83832	-0.5826226
2.831409	-0.6013906
2.824249	-0.6200649
2.816837	-0.6386409
2.809172	-0.6571138
2.801252	-0.6754787
2.793075	-0.6937306
2.784639	-0.7118642
2.775942	-0.7298741
2.766982	-0.7477547
2.757757	-0.7655001
2.748265	-0.7831044
2.738505	-0.8005613
2.728475	-0.8178645
2.718173	-0.8350073
2.707598	-0.8519829
2.696748	-0.8687843
2.685623	-0.8854043
2.674221	-0.9018355
2.66254	-0.9180702
2.650581	-0.9341007
2.638342	-0.949919
2.625824	-0.965517
2.613026	-0.9808864
2.599949	-0.9960189
2.586593	-1.010906
2.57296	-1.025539
2.55905	-1.03991
2.544865	-1.05401
2.530408	-1.06783
2.515681	-1.081362
2.500686	-1.094597
2.485428	-1.107527
2.46991	-1.120144
2.454136	-1.13244
2.438111	-1.144407
2.421841	-1.156038
2.405331	-1.167326
2.388588	-1.178265
2.371618	-1.188848
2.354427	-1.19907
2.337024	-1.208925
2.319416	-1.218409
2.30161	-1.227517
2.283616	-1.236246
2.265441	-1.244593
2.247094	-1.252555
2.228584	-1.260131
2.20992	-1.267319
2.191111	-1.274119
2.172166	-1.28053
2.153094	-1.286553
2.133904	-1.292188
2.114605	-1.297437
2.095206	-1.302302
2.075715	-1.306785
2.056141	-1.310889
2.036491	-1.314616
2.016774	-1.31797
1.996998	-1.320955
1.97717	-1.323574
1.957298	-1.325832
1.937389	-1.327733
1.917449	-1.329282
1.897485	-1.330484
1.877503	-1.331343
1.85751	-1.331864
1.837511	-1.332053
1.817511	-1.331914
1.797516	-1.331453
1.777531	-1.330675
1.757561	-1.329585
1.73761	-1.328189
1.717682	-1.326492
1.697782	-1.324499
1.677913	-1.322216
1.658079	-1.319648
1.638283	-1.316801
1.618528	-1.31368
1.598817	-1.31029
1.579153	-1.306637
1.559539	-1.302726
1.539977	-1.298563
1.520469	-1.294153
1.501017	-1.289501
1.481623	-1.284613
1.462289	-1.279495
1.443016	-1.274153
1.423805	-1.268592
1.404657	-1.262818
1.385572	-1.256836
1.366552	-1.250653
1.347596	-1.244275
1.328705	-1.237708
1.309878	-1.230958
1.291116	-1.224032
1.272417	-1.216937
1.253781	-1.209679
1.235206	-1.202265
1.216691	-1.194702
1.198234	-1.186998
1.179834	-1.17916
1.161488	-1.171197
1.143193	-1.163116
1.124947	-1.154926
1.106747	-1.146635
1.088589	-1.138252
1.070469	-1.129786
1.052383	-1.121247
1.034328	-1.112645
1.016298	-1.103989
0.9982886	-1.09529
0.9802948	-1.086559
0.9623113	-1.077807
0.9443327	-1.069045
0.9263533	-1.060285
0.9083674	-1.051538
0.8903693	-1.042816
0.8723533	-1.034131
0.8543137	-1.025495
0.8362451	-1.01692
0.8181422	-1.008418
0.8	-1
0.7818578	-0.9915821
0.7636724	-0.983258
0.7454397	-0.975038
0.7271563	-0.9669315
0.7088192	-0.958947
0.6904264	-0.9510919
0.6719763	-0.9433722
0.6534682	-0.9357925
0.6349023	-0.9283557
0.6162794	-0.9210628
0.5976012	-0.9139128
0.57887	-0.9069026
0.560089	-0.9000269
0.541262	-0.8932783
0.5223933	-0.8866471
0.5034879	-0.8801213
0.4845512	-0.8736869
0.4655891	-0.8673277
0.446608	-0.8610256
0.4276146	-0.8547607
0.4086161	-0.8485112
0.3896202	-0.8422538
0.3706352	-0.8359635
0.35167	-0.8296137
0.3327343	-0.8231764
0.3138389	-0.8166218
0.2949957	-0.8099184
0.2762183	-0.8030329
0.2575221	-0.7959299
0.238925	-0.7885714
0.2204478	-0.7809167
0.2021152	-0.7729219
0.1839566	-0.7645395
0.1660074	-0.7557177
0.1483103	-0.7464003
0.1309174	-0.7365267
0.1138921	-0.7260319
0.09731135	-0.714848
0.0812677	-0.7029064
0.06587063	-0.690142
0.0512459	-0.6764995
0.03753143	-0.6619423
0.02486823	-0.6464619
0.01338574	-0.6300865
0.00318343	-0.6128844
-0.00568624	-0.5949587
-0.01322734	-0.5764349
-0.01949833	-0.5574435
-0.0245998	-0.5381051
-0.0286572	-0.518521
-0.03180444	-0.4987702
-0.03417178	-0.4789108
-0.03587854	-0.4589838
-0.03702979	-0.439017
-0.03771575	-0.4190288
-0.03801254	-0.399031
-0.03798381	-0.379031
-0.03768241	-0.3590333
-0.03715199	-0.3390403
-0.03642867	-0.3190534
-0.03554227	-0.299073
-0.0345174	-0.2790993
-0.03337442	-0.259132
-0.03213022	-0.2391707
-0.03079883	-0.2192151
-0.02939192	-0.1992646
-0.02791923	-0.1793189
-0.02638894	-0.1593775
-0.0248079	-0.1394401
-0.02318193	-0.1195063
-0.02151594	-0.09957581
-0.01981413	-0.07964834
-0.01808008	-0.05972365
-0.0163169	-0.03980151
-0.01452729	-0.01988173
-0.01271362	3.587e-05
-0.01087796	0.01995145
-0.009022192	0.03986517
-0.007147974	0.05977716
-0.005256848	0.07968755
-0.003350204	0.09959646
-0.00142933	0.119504
0.000504541	0.1394103
0.002450277	0.1593154
0.004406771	0.1792195
0.006372971	0.1991226
0.008347853	0.2190249
0.01033043	0.2389264
0.01231971	0.2588272
0.01431472	0.2787274
0.01631451	0.2986272
0.01831813	0.3185266
0.02032463	0.3384257
0.02233307	0.3583246
0.02434249	0.3782234
0.02635195	0.3981222
0.02836048	0.4180211
0.03036713	0.4379202
0.03237094	0.4578196
0.03437094	0.4777193
0.03636616	0.4976195
0.03835563	0.5175203
0.04033836	0.5374218
0.04231341	0.557324
0.04427977	0.5772271
0.04623646	0.5971312
0.04818252	0.6170363
0.05011696	0.6369425
0.05203882	0.65685
0.05394715	0.6767588
0.05584097	0.6966689
0.05771932	0.7165805
0.05958129	0.7364936
0.06142595	0.7564084
0.06325239	0.7763248
0.0650597	0.796243
0.06684698	0.816163
0.06861341	0.8360848
0.07035818	0.8560086
0.07208041	0.8759343
0.07377933	0.895862
0.0754542	0.9157917
0.07710427	0.9357235
0.07872883	0.9556574
0.0803272	0.9755934
0.08189878	0.9955316
0.08344296	1.015472
0.08495916	1.035414
0.08644685	1.055359
0.08790557	1.075306
0.08933489	1.095255
0.09073438	1.115206
0.0921037	1.135159
0.09344252	1.155114
0.09475057	1.175071
0.0960276	1.19503
0.09727353	1.214991
0.09848811	1.234954
0.09967131	1.254919
0.1008231	1.274886
0.1019435	1.294855
0.1030325	1.314825
0.1040902	1.334797
0.1051167	1.354771
0.1061122	1.374746
0.107077	1.394723
0.1080113	1.414701
0.1089153	1.434681
0.1097894	1.454662
0.1106341	1.474644
0.1114496	1.494627
0.1122364	1.514612
0.1129949	1.534598
0.1137256	1.554585
0.1144291	1.574573
0.1151059	1.594562
0.1157564	1.614551
0.1163813	1.634541
0.1169811	1.654532
0.1175564	1.674524
0.1181079	1.694516
0.1186361	1.714509
0.1191416	1.734503
0.119625	1.754497
0.1200869	1.774492
0.1205281	1.794487
0.1209491	1.814483
0.1213505	1.834479
0.1217329	1.854475
0.1220968	1.874472
